0.0 1
10.0 1
20.0 2
30.0 1
40.0 1
50.0 1
60.0 3
70.0 2
80.0 1
90.0 1
100.0 1
110.0 1
120.0 2
130.0 1
140.0 1
150.0 3
160.0 1
170.0 1
180.0 1
190.0 1
200.0 1
210.0 1
220.0 1
230.0 1
240.0 1
250.0 3
260.0 1
270.0 1
280.0 1
290.0 1
300.0 3
310.0 2
320.0 2
330.0 1
340.0 2
350.0 2
360.0 1
370.0 2
380.0 1
390.0 2
400.0 3
410.0 1
420.0 1
430.0 3
440.0 1
450.0 3
460.0 1
470.0 1
480.0 3
490.0 3
500.0 2
510.0 1
520.0 3
530.0 1
540.0 1
550.0 1
560.0 2
570.0 1
580.0 2
590.0 3
600.0 1
610.0 2
620.0 1
630.0 2
640.0 1
650.0 1
660.0 1
670.0 1
680.0 1
690.0 1
700.0 2
710.0 1
720.0 2
730.0 1
740.0 2
750.0 1
760.0 1
770.0 2
780.0 1
790.0 1
800.0 4
810.0 3
820.0 2
830.0 3
840.0 2
850.0 2
860.0 1
870.0 3
880.0 1
890.0 2
900.0 1
910.0 1
920.0 3
930.0 2
940.0 1
950.0 2
960.0 1
970.0 1
980.0 2
990.0 4
1000.0 1
1010.0 1
1020.0 2
1030.0 1
1040.0 4
1050.0 1
1060.0 2
1070.0 3
1080.0 2
1090.0 2
1100.0 2
1110.0 1
1120.0 2
1130.0 3
1140.0 1
1150.0 2
1160.0 2
1170.0 1
1180.0 2
1190.0 1
1200.0 3
1210.0 1
1220.0 2
1230.0 3
1240.0 1
1250.0 3
1260.0 1
1270.0 2
1280.0 1
1290.0 3
1300.0 4
1310.0 3
1320.0 2
1330.0 3
1340.0 1
1350.0 2
1360.0 4
1370.0 1
1380.0 1
1390.0 3
1400.0 1
1410.0 4
1420.0 2
1430.0 1
1440.0 3
1450.0 1
1460.0 4
1470.0 1
1480.0 3
1490.0 1
1500.0 4
1510.0 1
1520.0 1
1530.0 3
1540.0 2
1550.0 3
1560.0 1
1570.0 4
1580.0 2
1590.0 1
1600.0 3
1610.0 2
1620.0 4
1630.0 1
1640.0 2
1650.0 2
1660.0 2
1670.0 2
1680.0 2
1690.0 1
1700.0 2
1710.0 3
1720.0 2
1730.0 1
1740.0 1
1750.0 2
1760.0 2
1770.0 2
1780.0 2
1790.0 2
1800.0 2
1810.0 1
1820.0 2
1830.0 2
1840.0 3
1850.0 2
1860.0 1
1870.0 2
1880.0 2
1890.0 1
1900.0 1
1910.0 1
1920.0 1
1930.0 1
1940.0 1
1950.0 4
1960.0 1
1970.0 2
1980.0 1
1990.0 1
2000.0 4
2010.0 1
2020.0 3
2030.0 2
2040.0 1
2050.0 1
2060.0 2
2070.0 3
2080.0 3
2090.0 3
2100.0 1
2110.0 3
2120.0 1
2130.0 4
2140.0 2
2150.0 1
2160.0 2
2170.0 3
2180.0 1
2190.0 2
2200.0 1
2210.0 2
2220.0 1
2230.0 1
2240.0 1
2250.0 3
2260.0 1
2270.0 2
2280.0 1
2290.0 3
2300.0 4
2310.0 2
2320.0 1
2330.0 1
2340.0 3
2350.0 2
2360.0 1
2370.0 4
2380.0 3
2390.0 1
2400.0 2
2410.0 1
2420.0 2
2430.0 1
2440.0 4
2450.0 1
2460.0 1
2470.0 3
2480.0 3
2490.0 3
2500.0 1
2510.0 1
2520.0 1
2530.0 3
2540.0 1
2550.0 1
2560.0 1
2570.0 1
2580.0 1
2590.0 1
2600.0 1
2610.0 1
2620.0 2
2630.0 1
2640.0 3
2650.0 1
2660.0 1
2670.0 2
2680.0 3
2690.0 1
2700.0 3
2710.0 2
2720.0 2
2730.0 2
2740.0 1
2750.0 3
2760.0 2
2770.0 1
2780.0 1
2790.0 1
2800.0 2
2810.0 1
2820.0 2
2830.0 3
2840.0 1
2850.0 1
2860.0 1
2870.0 2
2880.0 1
2890.0 1
2900.0 1
2910.0 1
2920.0 4
2930.0 3
2940.0 3
2950.0 1
2960.0 3
2970.0 3
2980.0 2
2990.0 1
3000.0 3
3010.0 1
3020.0 3
3030.0 3
3040.0 1
3050.0 1
3060.0 2
3070.0 1
3080.0 2
3090.0 3
3100.0 1
3110.0 3
3120.0 1
3130.0 4
3140.0 1
3150.0 1
3160.0 3
3170.0 1
3180.0 1
3190.0 3
3200.0 1
3210.0 1
3220.0 2
3230.0 3
3240.0 2
3250.0 1
3260.0 2
3270.0 1
3280.0 2
3290.0 3
3300.0 1
3310.0 3
3320.0 1
3330.0 2
3340.0 1
3350.0 2
3360.0 3
3370.0 1
3380.0 2
3390.0 1
3400.0 1
3410.0 1
3420.0 1
3430.0 1
3440.0 3
3450.0 1
3460.0 1
3470.0 1
3480.0 1
3490.0 2
3500.0 1
3510.0 1
3520.0 2
3530.0 1
3540.0 2
3550.0 1
3560.0 1
3570.0 2
3580.0 4
3590.0 2
3600.0 1
3610.0 4
3620.0 2
3630.0 1
3640.0 2
3650.0 2
3660.0 1
3670.0 1
3680.0 1
3690.0 1
3700.0 2
3710.0 2
3720.0 1
3730.0 3
3740.0 2
3750.0 2
3760.0 1
3770.0 4
3780.0 1
3790.0 1
3800.0 2
3810.0 1
3820.0 4
3830.0 2
3840.0 3
3850.0 2
3860.0 1
3870.0 2
3880.0 1
3890.0 1
3900.0 1
3910.0 1
3920.0 2
3930.0 2
3940.0 2
3950.0 1
3960.0 1
3970.0 1
3980.0 1
3990.0 1