0.0 2
10.0 4
20.0 1
30.0 1
40.0 3
50.0 4
60.0 1
70.0 1
80.0 3
90.0 1
100.0 3
110.0 1
120.0 1
130.0 1
140.0 1
150.0 1
160.0 1
170.0 1
180.0 1
190.0 1
200.0 1
210.0 1
220.0 3
230.0 1
240.0 4
250.0 2
260.0 1
270.0 2
280.0 1
290.0 1
300.0 4
310.0 2
320.0 2
330.0 3
340.0 2
350.0 3
360.0 2
370.0 4
380.0 2
390.0 1
400.0 3
410.0 2
420.0 3
430.0 4
440.0 1
450.0 2
460.0 1
470.0 1
480.0 1
490.0 1
500.0 1
510.0 2
520.0 1
530.0 2
540.0 1
550.0 2
560.0 1
570.0 2
580.0 1
590.0 1
600.0 2
610.0 1
620.0 2
630.0 2
640.0 2
650.0 2
660.0 2
670.0 2
680.0 2
690.0 1
700.0 1
710.0 1
720.0 2
730.0 1
740.0 3
750.0 1
760.0 1
770.0 1
780.0 2
790.0 1
800.0 2
810.0 4
820.0 4
830.0 2
840.0 1
850.0 2
860.0 2
870.0 1
880.0 2
890.0 1
900.0 2
910.0 1
920.0 3
930.0 2
940.0 2
950.0 3
960.0 2
970.0 1
980.0 2
990.0 4
1000.0 1
1010.0 3
1020.0 4
1030.0 2
1040.0 4
1050.0 2
1060.0 1
1070.0 2
1080.0 1
1090.0 3
1100.0 2
1110.0 1
1120.0 2
1130.0 1
1140.0 2
1150.0 1
1160.0 3
1170.0 1
1180.0 2
1190.0 1
1200.0 2
1210.0 1
1220.0 3
1230.0 2
1240.0 2
1250.0 2
1260.0 2
1270.0 1
1280.0 1
1290.0 2
1300.0 1
1310.0 1
1320.0 1
1330.0 1
1340.0 2
1350.0 1
1360.0 2
1370.0 2
1380.0 1
1390.0 2
1400.0 1
1410.0 3
1420.0 1
1430.0 4
1440.0 2
1450.0 4
1460.0 1
1470.0 1
1480.0 1
1490.0 2
1500.0 3
1510.0 1
1520.0 1
1530.0 1
1540.0 1
1550.0 2
1560.0 1
1570.0 2
1580.0 2
1590.0 2
1600.0 4
1610.0 2
1620.0 2
1630.0 1
1640.0 4
1650.0 4
1660.0 2
1670.0 4
1680.0 1
1690.0 2
1700.0 2
1710.0 2
1720.0 1
1730.0 4
1740.0 2
1750.0 1
1760.0 2
1770.0 2
1780.0 2
1790.0 1
1800.0 1
1810.0 4
1820.0 2
1830.0 1
1840.0 3
1850.0 2
1860.0 3
1870.0 4
1880.0 2
1890.0 2
1900.0 2
1910.0 1
1920.0 2
1930.0 2
1940.0 2
1950.0 1
1960.0 2
1970.0 2
1980.0 2
1990.0 2
2000.0 1
2010.0 1
2020.0 1
2030.0 1
2040.0 2
2050.0 1
2060.0 1
2070.0 2
2080.0 2
2090.0 2
2100.0 1
2110.0 1
2120.0 2
2130.0 2
2140.0 1
2150.0 2
2160.0 2
2170.0 2
2180.0 2
2190.0 2
2200.0 2
2210.0 4
2220.0 1
2230.0 2
2240.0 3
2250.0 2
2260.0 3
2270.0 2
2280.0 1
2290.0 4
2300.0 2
2310.0 3
2320.0 4
2330.0 1
2340.0 2
2350.0 1
2360.0 2
2370.0 1
2380.0 1
2390.0 2
2400.0 4
2410.0 4
2420.0 1
2430.0 1
2440.0 2
2450.0 2
2460.0 1
2470.0 2
2480.0 1
2490.0 2
2500.0 1
2510.0 1
2520.0 2
2530.0 3
2540.0 1
2550.0 2
2560.0 1
2570.0 1
2580.0 1
2590.0 1
2600.0 1
2610.0 2
2620.0 3
2630.0 2
2640.0 2
2650.0 2
2660.0 2
2670.0 2
2680.0 2
2690.0 2
2700.0 2
2710.0 1
2720.0 2
2730.0 2
2740.0 2
2750.0 2
2760.0 2
2770.0 2
2780.0 2
2790.0 4
2800.0 1
2810.0 2
2820.0 3
2830.0 1
2840.0 2
2850.0 3
2860.0 1
2870.0 3
2880.0 2
2890.0 2
2900.0 2
2910.0 2
2920.0 3
2930.0 3
2940.0 1
2950.0 2
2960.0 1
2970.0 1
2980.0 2
2990.0 1
3000.0 2
3010.0 2
3020.0 2
3030.0 1
3040.0 4
3050.0 1
3060.0 3
3070.0 1
3080.0 1
3090.0 2
3100.0 1
3110.0 1
3120.0 1
3130.0 2
3140.0 1
3150.0 2
3160.0 1
3170.0 2
3180.0 2
3190.0 1
3200.0 1
3210.0 2
3220.0 2
3230.0 3
3240.0 1
3250.0 2
3260.0 2
3270.0 1
3280.0 2
3290.0 1
3300.0 4
3310.0 3
3320.0 2
3330.0 2
3340.0 1
3350.0 2
3360.0 4
3370.0 1
3380.0 4
3390.0 1
3400.0 4
3410.0 2
3420.0 3
3430.0 1
3440.0 1
3450.0 2
3460.0 2
3470.0 2
3480.0 2
3490.0 1
3500.0 1
3510.0 1
3520.0 2
3530.0 1
3540.0 2
3550.0 2
3560.0 2
3570.0 2
3580.0 1
3590.0 1
3600.0 2
3610.0 1
3620.0 4
3630.0 1
3640.0 2
3650.0 2
3660.0 2
3670.0 2
3680.0 1
3690.0 2
3700.0 1
3710.0 1
3720.0 2
3730.0 2
3740.0 1
3750.0 1
3760.0 2
3770.0 2
3780.0 2
3790.0 1
3800.0 1
3810.0 2
3820.0 2
3830.0 2
3840.0 2
3850.0 2
3860.0 2
3870.0 2
3880.0 2
3890.0 2
3900.0 1
3910.0 1
3920.0 1
3930.0 2
3940.0 4
3950.0 4
3960.0 4
3970.0 4
3980.0 2
3990.0 2