0.0 2
10.0 2
20.0 2
30.0 2
40.0 1
50.0 2
60.0 3
70.0 2
80.0 3
90.0 1
100.0 3
110.0 1
120.0 2
130.0 2
140.0 2
150.0 1
160.0 2
170.0 2
180.0 2
190.0 2
200.0 2
210.0 3
220.0 1
230.0 2
240.0 2
250.0 2
260.0 2
270.0 2
280.0 1
290.0 2
300.0 2
310.0 2
320.0 2
330.0 2
340.0 1
350.0 2
360.0 2
370.0 1
380.0 2
390.0 2
400.0 1
410.0 2
420.0 1
430.0 3
440.0 2
450.0 2
460.0 4
470.0 2
480.0 1
490.0 4
500.0 2
510.0 1
520.0 2
530.0 1
540.0 4
550.0 1
560.0 2
570.0 1
580.0 2
590.0 3
600.0 1
610.0 2
620.0 1
630.0 4
640.0 2
650.0 1
660.0 2
670.0 1
680.0 2
690.0 1
700.0 1
710.0 2
720.0 1
730.0 2
740.0 2
750.0 4
760.0 2
770.0 4
780.0 1
790.0 2
800.0 4
810.0 1
820.0 3
830.0 2
840.0 1
850.0 2
860.0 1
870.0 2
880.0 2
890.0 2
900.0 1
910.0 2
920.0 2
930.0 2
940.0 1
950.0 2
960.0 2
970.0 1
980.0 2
990.0 1
1000.0 2
1010.0 4
1020.0 2
1030.0 1
1040.0 2
1050.0 1
1060.0 4
1070.0 2
1080.0 3
1090.0 2
1100.0 2
1110.0 2
1120.0 2
1130.0 1
1140.0 2
1150.0 1
1160.0 2
1170.0 3
1180.0 1
1190.0 4
1200.0 1
1210.0 2
1220.0 2
1230.0 1
1240.0 2
1250.0 1
1260.0 2
1270.0 1
1280.0 2
1290.0 2
1300.0 3
1310.0 2
1320.0 1
1330.0 2
1340.0 1
1350.0 2
1360.0 1
1370.0 3
1380.0 2
1390.0 1
1400.0 2
1410.0 3
1420.0 1
1430.0 2
1440.0 1
1450.0 2
1460.0 3
1470.0 2
1480.0 2
1490.0 2
1500.0 1
1510.0 2
1520.0 1
1530.0 1
1540.0 2
1550.0 1
1560.0 1
1570.0 1
1580.0 2
1590.0 2
1600.0 1
1610.0 2
1620.0 1
1630.0 4
1640.0 2
1650.0 1
1660.0 1
1670.0 3
1680.0 1
1690.0 2
1700.0 1
1710.0 1
1720.0 2
1730.0 1
1740.0 2
1750.0 1
1760.0 2
1770.0 2
1780.0 2
1790.0 2
1800.0 1
1810.0 3
1820.0 1
1830.0 2
1840.0 4
1850.0 2
1860.0 3
1870.0 2
1880.0 1
1890.0 2
1900.0 1
1910.0 2
1920.0 1
1930.0 2
1940.0 1
1950.0 2
1960.0 2
1970.0 2
1980.0 1
1990.0 1
2000.0 2
2010.0 4
2020.0 2
2030.0 4
2040.0 2
2050.0 1
2060.0 4
2070.0 2
2080.0 1
2090.0 2
2100.0 1
2110.0 1
2120.0 2
2130.0 2
2140.0 1
2150.0 2
2160.0 2
2170.0 1
2180.0 2
2190.0 1
2200.0 4
2210.0 1
2220.0 2
2230.0 3
2240.0 1
2250.0 1
2260.0 2
2270.0 1
2280.0 1
2290.0 2
2300.0 1
2310.0 2
2320.0 1
2330.0 2
2340.0 2
2350.0 1
2360.0 2
2370.0 3
2380.0 4
2390.0 1
2400.0 2
2410.0 4
2420.0 1
2430.0 1
2440.0 1
2450.0 1
2460.0 2
2470.0 1
2480.0 1
2490.0 1
2500.0 1
2510.0 2
2520.0 1
2530.0 4
2540.0 1
2550.0 2
2560.0 3
2570.0 1
2580.0 2
2590.0 1
2600.0 4
2610.0 1
2620.0 4
2630.0 2
2640.0 2
2650.0 1
2660.0 1
2670.0 2
2680.0 1
2690.0 1
2700.0 2
2710.0 1
2720.0 4
2730.0 1
2740.0 2
2750.0 1
2760.0 3
2770.0 2
2780.0 2
2790.0 3
2800.0 3
2810.0 2
2820.0 4
2830.0 3
2840.0 2
2850.0 2
2860.0 1
2870.0 2
2880.0 2
2890.0 1
2900.0 4
2910.0 2
2920.0 3
2930.0 2
2940.0 1
2950.0 2
2960.0 1
2970.0 4
2980.0 1
2990.0 1
3000.0 2
3010.0 1
3020.0 1
3030.0 4
3040.0 1
3050.0 1
3060.0 1
3070.0 1
3080.0 1
3090.0 1
3100.0 1
3110.0 2
3120.0 2
3130.0 1
3140.0 1
3150.0 2
3160.0 1
3170.0 1
3180.0 2
3190.0 2
3200.0 1
3210.0 2
3220.0 1
3230.0 3
3240.0 1
3250.0 2
3260.0 1
3270.0 4
3280.0 1
3290.0 3
3300.0 2
3310.0 1
3320.0 2
3330.0 1
3340.0 1
3350.0 2
3360.0 1
3370.0 2
3380.0 1
3390.0 1
3400.0 1
3410.0 2
3420.0 1
3430.0 1
3440.0 1
3450.0 1
3460.0 2
3470.0 1
3480.0 4
3490.0 1
3500.0 3
3510.0 1
3520.0 2
3530.0 1
3540.0 2
3550.0 1
3560.0 2
3570.0 2
3580.0 3
3590.0 2
3600.0 2
3610.0 3
3620.0 2
3630.0 3
3640.0 1
3650.0 2
3660.0 2
3670.0 2
3680.0 1
3690.0 2
3700.0 1
3710.0 2
3720.0 2
3730.0 1
3740.0 1
3750.0 1
3760.0 1
3770.0 1
3780.0 1
3790.0 1
3800.0 1
3810.0 1
3820.0 1
3830.0 1
3840.0 1
3850.0 1
3860.0 1
3870.0 2
3880.0 2
3890.0 1
3900.0 4
3910.0 1
3920.0 1
3930.0 2
3940.0 2
3950.0 1
3960.0 2
3970.0 2
3980.0 2
3990.0 1