0.0 1
10.0 2
20.0 1
30.0 2
40.0 2
50.0 2
60.0 1
70.0 1
80.0 2
90.0 1
100.0 2
110.0 1
120.0 2
130.0 3
140.0 1
150.0 2
160.0 1
170.0 1
180.0 1
190.0 2
200.0 1
210.0 2
220.0 1
230.0 3
240.0 2
250.0 1
260.0 2
270.0 1
280.0 2
290.0 3
300.0 1
310.0 4
320.0 2
330.0 1
340.0 1
350.0 4
360.0 2
370.0 1
380.0 2
390.0 3
400.0 4
410.0 1
420.0 2
430.0 1
440.0 1
450.0 2
460.0 1
470.0 4
480.0 2
490.0 1
500.0 2
510.0 1
520.0 2
530.0 1
540.0 1
550.0 1
560.0 4
570.0 2
580.0 1
590.0 3
600.0 4
610.0 1
620.0 2
630.0 1
640.0 2
650.0 4
660.0 1
670.0 2
680.0 1
690.0 3
700.0 1
710.0 2
720.0 4
730.0 1
740.0 2
750.0 3
760.0 1
770.0 2
780.0 1
790.0 2
800.0 1
810.0 1
820.0 2
830.0 1
840.0 2
850.0 1
860.0 3
870.0 1
880.0 2
890.0 4
900.0 1
910.0 2
920.0 3
930.0 1
940.0 2
950.0 1
960.0 2
970.0 1
980.0 1
990.0 3
1000.0 2
1010.0 1
1020.0 2
1030.0 1
1040.0 2
1050.0 2
1060.0 1
1070.0 2
1080.0 3
1090.0 1
1100.0 2
1110.0 1
1120.0 2
1130.0 1
1140.0 3
1150.0 1
1160.0 2
1170.0 2
1180.0 1
1190.0 2
1200.0 3
1210.0 2
1220.0 1
1230.0 2
1240.0 1
1250.0 4
1260.0 1
1270.0 3
1280.0 2
1290.0 1
1300.0 2
1310.0 1
1320.0 2
1330.0 2
1340.0 1
1350.0 2
1360.0 2
1370.0 1
1380.0 2
1390.0 2
1400.0 2
1410.0 1
1420.0 2
1430.0 2
1440.0 1
1450.0 2
1460.0 1
1470.0 3
1480.0 1
1490.0 2
1500.0 1
1510.0 1
1520.0 2
1530.0 1
1540.0 2
1550.0 1
1560.0 4
1570.0 1
1580.0 2
1590.0 2
1600.0 2
1610.0 2
1620.0 1
1630.0 2
1640.0 1
1650.0 4
1660.0 2
1670.0 1
1680.0 2
1690.0 1
1700.0 2
1710.0 1
1720.0 2
1730.0 2
1740.0 2
1750.0 1
1760.0 2
1770.0 2
1780.0 2
1790.0 1
1800.0 4
1810.0 2
1820.0 1
1830.0 3
1840.0 2
1850.0 4
1860.0 1
1870.0 3
1880.0 1
1890.0 4
1900.0 1
1910.0 2
1920.0 4
1930.0 1
1940.0 2
1950.0 3
1960.0 2
1970.0 4
1980.0 1
1990.0 2
2000.0 3
2010.0 1
2020.0 2
2030.0 1
2040.0 2
2050.0 1
2060.0 4
2070.0 2
2080.0 1
2090.0 3
2100.0 2
2110.0 1
2120.0 3
2130.0 2
2140.0 1
2150.0 1
2160.0 2
2170.0 1
2180.0 2
2190.0 4
2200.0 4
2210.0 1
2220.0 2
2230.0 2
2240.0 2
2250.0 1
2260.0 1
2270.0 2
2280.0 1
2290.0 2
2300.0 1
2310.0 2
2320.0 1
2330.0 4
2340.0 1
2350.0 2
2360.0 1
2370.0 2
2380.0 2
2390.0 2
2400.0 2
2410.0 1
2420.0 2
2430.0 2
2440.0 1
2450.0 4
2460.0 1
2470.0 1
2480.0 2
2490.0 1
2500.0 3
2510.0 1
2520.0 2
2530.0 3
2540.0 1
2550.0 3
2560.0 4
2570.0 2
2580.0 3
2590.0 1
2600.0 2
2610.0 1
2620.0 2
2630.0 1
2640.0 2
2650.0 1
2660.0 3
2670.0 1
2680.0 3
2690.0 2
2700.0 1
2710.0 4
2720.0 1
2730.0 1
2740.0 2
2750.0 2
2760.0 1
2770.0 1
2780.0 3
2790.0 4
2800.0 2
2810.0 1
2820.0 2
2830.0 1
2840.0 2
2850.0 1
2860.0 2
2870.0 1
2880.0 2
2890.0 2
2900.0 2
2910.0 1
2920.0 4
2930.0 2
2940.0 1
2950.0 2
2960.0 2
2970.0 3
2980.0 1
2990.0 2
3000.0 4
3010.0 1
3020.0 4
3030.0 1
3040.0 2
3050.0 2
3060.0 1
3070.0 2
3080.0 1
3090.0 4
3100.0 1
3110.0 2
3120.0 3
3130.0 1
3140.0 1
3150.0 2
3160.0 1
3170.0 2
3180.0 2
3190.0 2
3200.0 1
3210.0 2
3220.0 3
3230.0 1
3240.0 2
3250.0 1
3260.0 2
3270.0 1
3280.0 4
3290.0 1
3300.0 4
3310.0 3
3320.0 4
3330.0 4
3340.0 1
3350.0 2
3360.0 3
3370.0 1
3380.0 1
3390.0 1
3400.0 1
3410.0 2
3420.0 1
3430.0 2
3440.0 4
3450.0 1
3460.0 1
3470.0 2
3480.0 1
3490.0 1
3500.0 3
3510.0 1
3520.0 2
3530.0 2
3540.0 4
3550.0 1
3560.0 2
3570.0 1
3580.0 4
3590.0 2
3600.0 4
3610.0 1
3620.0 2
3630.0 4
3640.0 3
3650.0 2
3660.0 1
3670.0 2
3680.0 2
3690.0 2
3700.0 4
3710.0 2
3720.0 4
3730.0 1
3740.0 4
3750.0 1
3760.0 4
3770.0 4
3780.0 4
3790.0 4
3800.0 4
3810.0 4
3820.0 1
3830.0 1
3840.0 2
3850.0 3
3860.0 3
3870.0 2
3880.0 3
3890.0 3
3900.0 1
3910.0 1
3920.0 1
3930.0 2
3940.0 2
3950.0 2
3960.0 1
3970.0 2
3980.0 2
3990.0 2