0.0 1
10.0 4
20.0 4
30.0 2
40.0 4
50.0 2
60.0 4
70.0 1
80.0 2
90.0 3
100.0 2
110.0 1
120.0 2
130.0 2
140.0 1
150.0 2
160.0 4
170.0 2
180.0 1
190.0 3
200.0 2
210.0 1
220.0 2
230.0 1
240.0 4
250.0 2
260.0 1
270.0 1
280.0 2
290.0 1
300.0 4
310.0 2
320.0 1
330.0 2
340.0 1
350.0 2
360.0 1
370.0 2
380.0 3
390.0 2
400.0 1
410.0 2
420.0 1
430.0 2
440.0 2
450.0 1
460.0 2
470.0 1
480.0 2
490.0 4
500.0 2
510.0 1
520.0 2
530.0 1
540.0 1
550.0 2
560.0 1
570.0 4
580.0 1
590.0 2
600.0 2
610.0 1
620.0 2
630.0 4
640.0 1
650.0 2
660.0 1
670.0 2
680.0 1
690.0 2
700.0 1
710.0 2
720.0 1
730.0 4
740.0 2
750.0 1
760.0 3
770.0 3
780.0 1
790.0 2
800.0 1
810.0 2
820.0 1
830.0 2
840.0 1
850.0 2
860.0 1
870.0 2
880.0 1
890.0 2
900.0 2
910.0 1
920.0 2
930.0 2
940.0 1
950.0 4
960.0 2
970.0 1
980.0 3
990.0 2
1000.0 1
1010.0 2
1020.0 1
1030.0 2
1040.0 1
1050.0 2
1060.0 1
1070.0 1
1080.0 2
1090.0 1
1100.0 1
1110.0 4
1120.0 2
1130.0 2
1140.0 1
1150.0 2
1160.0 1
1170.0 4
1180.0 2
1190.0 1
1200.0 3
1210.0 2
1220.0 1
1230.0 1
1240.0 2
1250.0 1
1260.0 2
1270.0 1
1280.0 2
1290.0 1
1300.0 2
1310.0 1
1320.0 2
1330.0 2
1340.0 1
1350.0 3
1360.0 2
1370.0 1
1380.0 4
1390.0 2
1400.0 1
1410.0 2
1420.0 1
1430.0 4
1440.0 1
1450.0 2
1460.0 2
1470.0 1
1480.0 2
1490.0 3
1500.0 2
1510.0 1
1520.0 2
1530.0 4
1540.0 1
1550.0 2
1560.0 2
1570.0 1
1580.0 3
1590.0 2
1600.0 1
1610.0 2
1620.0 1
1630.0 4
1640.0 2
1650.0 1
1660.0 3
1670.0 1
1680.0 2
1690.0 1
1700.0 2
1710.0 1
1720.0 3
1730.0 1
1740.0 2
1750.0 1
1760.0 1
1770.0 1
1780.0 4
1790.0 1
1800.0 2
1810.0 1
1820.0 2
1830.0 1
1840.0 2
1850.0 3
1860.0 1
1870.0 2
1880.0 2
1890.0 1
1900.0 2
1910.0 1
1920.0 2
1930.0 1
1940.0 1
1950.0 2
1960.0 1
1970.0 2
1980.0 2
1990.0 1
2000.0 2
2010.0 1
2020.0 2
2030.0 1
2040.0 4
2050.0 1
2060.0 2
2070.0 1
2080.0 3
2090.0 2
2100.0 1
2110.0 2
2120.0 2
2130.0 1
2140.0 2
2150.0 2
2160.0 1
2170.0 2
2180.0 1
2190.0 2
2200.0 4
2210.0 1
2220.0 2
2230.0 1
2240.0 2
2250.0 1
2260.0 2
2270.0 2
2280.0 1
2290.0 2
2300.0 1
2310.0 2
2320.0 1
2330.0 2
2340.0 2
2350.0 1
2360.0 3
2370.0 2
2380.0 1
2390.0 2
2400.0 4
2410.0 2
2420.0 1
2430.0 2
2440.0 1
2450.0 2
2460.0 3
2470.0 2
2480.0 1
2490.0 3
2500.0 1
2510.0 2
2520.0 1
2530.0 2
2540.0 4
2550.0 1
2560.0 2
2570.0 2
2580.0 1
2590.0 2
2600.0 1
2610.0 2
2620.0 1
2630.0 3
2640.0 1
2650.0 2
2660.0 1
2670.0 2
2680.0 4
2690.0 1
2700.0 2
2710.0 1
2720.0 2
2730.0 2
2740.0 1
2750.0 2
2760.0 1
2770.0 2
2780.0 1
2790.0 2
2800.0 1
2810.0 2
2820.0 1
2830.0 2
2840.0 1
2850.0 4
2860.0 2
2870.0 1
2880.0 1
2890.0 2
2900.0 4
2910.0 1
2920.0 2
2930.0 3
2940.0 1
2950.0 2
2960.0 1
2970.0 2
2980.0 1
2990.0 2
3000.0 4
3010.0 2
3020.0 1
3030.0 3
3040.0 1
3050.0 2
3060.0 2
3070.0 1
3080.0 2
3090.0 1
3100.0 2
3110.0 1
3120.0 2
3130.0 4
3140.0 1
3150.0 2
3160.0 1
3170.0 2
3180.0 1
3190.0 2
3200.0 1
3210.0 2
3220.0 3
3230.0 2
3240.0 1
3250.0 4
3260.0 2
3270.0 1
3280.0 2
3290.0 1
3300.0 2
3310.0 1
3320.0 2
3330.0 1
3340.0 2
3350.0 4
3360.0 1
3370.0 3
3380.0 2
3390.0 1
3400.0 2
3410.0 2
3420.0 4
3430.0 1
3440.0 2
3450.0 3
3460.0 1
3470.0 2
3480.0 1
3490.0 2
3500.0 1
3510.0 2
3520.0 1
3530.0 2
3540.0 3
3550.0 1
3560.0 4
3570.0 2
3580.0 1
3590.0 2
3600.0 1
3610.0 2
3620.0 1
3630.0 4
3640.0 1
3650.0 2
3660.0 3
3670.0 2
3680.0 1
3690.0 2
3700.0 2
3710.0 4
3720.0 1
3730.0 2
3740.0 3
3750.0 1
3760.0 2
3770.0 2
3780.0 2
3790.0 4
3800.0 2
3810.0 1
3820.0 1
3830.0 2
3840.0 1
3850.0 1
3860.0 2
3870.0 1
3880.0 2
3890.0 1
3900.0 2
3910.0 2
3920.0 2
3930.0 3
3940.0 1
3950.0 2
3960.0 1
3970.0 2
3980.0 1
3990.0 2