0.0 1
10.0 1
20.0 1
30.0 1
40.0 1
50.0 1
60.0 1
70.0 1
80.0 2
90.0 1
100.0 2
110.0 4
120.0 1
130.0 2
140.0 1
150.0 1
160.0 2
170.0 4
180.0 1
190.0 2
200.0 3
210.0 2
220.0 1
230.0 2
240.0 1
250.0 2
260.0 1
270.0 4
280.0 1
290.0 2
300.0 3
310.0 2
320.0 1
330.0 2
340.0 4
350.0 2
360.0 1
370.0 2
380.0 2
390.0 1
400.0 2
410.0 3
420.0 1
430.0 2
440.0 4
450.0 1
460.0 2
470.0 1
480.0 4
490.0 2
500.0 1
510.0 4
520.0 2
530.0 1
540.0 3
550.0 1
560.0 2
570.0 1
580.0 2
590.0 1
600.0 2
610.0 1
620.0 4
630.0 2
640.0 1
650.0 1
660.0 2
670.0 3
680.0 2
690.0 1
700.0 2
710.0 1
720.0 2
730.0 1
740.0 4
750.0 2
760.0 1
770.0 3
780.0 1
790.0 2
800.0 1
810.0 2
820.0 1
830.0 2
840.0 1
850.0 2
860.0 1
870.0 2
880.0 1
890.0 2
900.0 1
910.0 3
920.0 1
930.0 2
940.0 4
950.0 2
960.0 1
970.0 3
980.0 1
990.0 2
1000.0 2
1010.0 1
1020.0 3
1030.0 2
1040.0 1
1050.0 2
1060.0 2
1070.0 4
1080.0 1
1090.0 2
1100.0 1
1110.0 2
1120.0 1
1130.0 2
1140.0 3
1150.0 2
1160.0 1
1170.0 2
1180.0 1
1190.0 3
1200.0 2
1210.0 1
1220.0 2
1230.0 1
1240.0 1
1250.0 2
1260.0 1
1270.0 2
1280.0 1
1290.0 4
1300.0 2
1310.0 1
1320.0 1
1330.0 2
1340.0 2
1350.0 1
1360.0 3
1370.0 1
1380.0 2
1390.0 1
1400.0 4
1410.0 1
1420.0 2
1430.0 2
1440.0 1
1450.0 2
1460.0 2
1470.0 1
1480.0 2
1490.0 1
1500.0 2
1510.0 1
1520.0 3
1530.0 1
1540.0 2
1550.0 1
1560.0 2
1570.0 4
1580.0 2
1590.0 1
1600.0 2
1610.0 1
1620.0 3
1630.0 1
1640.0 2
1650.0 2
1660.0 1
1670.0 4
1680.0 2
1690.0 1
1700.0 2
1710.0 1
1720.0 3
1730.0 2
1740.0 1
1750.0 2
1760.0 1
1770.0 4
1780.0 1
1790.0 2
1800.0 1
1810.0 2
1820.0 1
1830.0 2
1840.0 1
1850.0 2
1860.0 3
1870.0 1
1880.0 2
1890.0 4
1900.0 1
1910.0 2
1920.0 1
1930.0 2
1940.0 1
1950.0 2
1960.0 1
1970.0 3
1980.0 1
1990.0 2
2000.0 2
2010.0 1
2020.0 2
2030.0 1
2040.0 2
2050.0 4
2060.0 1
2070.0 2
2080.0 1
2090.0 3
2100.0 1
2110.0 2
2120.0 1
2130.0 2
2140.0 1
2150.0 2
2160.0 3
2170.0 2
2180.0 1
2190.0 2
2200.0 2
2210.0 4
2220.0 2
2230.0 1
2240.0 2
2250.0 1
2260.0 2
2270.0 1
2280.0 2
2290.0 1
2300.0 3
2310.0 2
2320.0 1
2330.0 2
2340.0 1
2350.0 2
2360.0 4
2370.0 2
2380.0 1
2390.0 2
2400.0 1
2410.0 3
2420.0 4
2430.0 1
2440.0 2
2450.0 2
2460.0 1
2470.0 2
2480.0 1
2490.0 2
2500.0 1
2510.0 2
2520.0 1
2530.0 4
2540.0 2
2550.0 1
2560.0 2
2570.0 1
2580.0 2
2590.0 1
2600.0 1
2610.0 3
2620.0 1
2630.0 2
2640.0 4
2650.0 1
2660.0 2
2670.0 1
2680.0 1
2690.0 2
2700.0 1
2710.0 2
2720.0 3
2730.0 1
2740.0 2
2750.0 1
2760.0 2
2770.0 1
2780.0 2
2790.0 1
2800.0 4
2810.0 1
2820.0 2
2830.0 1
2840.0 1
2850.0 3
2860.0 2
2870.0 4
2880.0 2
2890.0 1
2900.0 2
2910.0 1
2920.0 3
2930.0 1
2940.0 2
2950.0 4
2960.0 1
2970.0 2
2980.0 1
2990.0 3
3000.0 2
3010.0 1
3020.0 2
3030.0 1
3040.0 2
3050.0 1
3060.0 3
3070.0 2
3080.0 1
3090.0 2
3100.0 1
3110.0 2
3120.0 4
3130.0 1
3140.0 2
3150.0 1
3160.0 2
3170.0 1
3180.0 3
3190.0 4
3200.0 1
3210.0 2
3220.0 1
3230.0 2
3240.0 1
3250.0 2
3260.0 1
3270.0 2
3280.0 1
3290.0 2
3300.0 1
3310.0 4
3320.0 2
3330.0 1
3340.0 2
3350.0 1
3360.0 2
3370.0 1
3380.0 3
3390.0 1
3400.0 2
3410.0 1
3420.0 2
3430.0 1
3440.0 2
3450.0 1
3460.0 2
3470.0 1
3480.0 2
3490.0 1
3500.0 2
3510.0 1
3520.0 2
3530.0 1
3540.0 2
3550.0 1
3560.0 3
3570.0 1
3580.0 2
3590.0 1
3600.0 2
3610.0 4
3620.0 2
3630.0 1
3640.0 2
3650.0 3
3660.0 2
3670.0 1
3680.0 2
3690.0 3
3700.0 3
3710.0 2
3720.0 1
3730.0 4
3740.0 3
3750.0 1
3760.0 2
3770.0 1
3780.0 4
3790.0 1
3800.0 2
3810.0 3
3820.0 2
3830.0 3
3840.0 1
3850.0 2
3860.0 1
3870.0 1
3880.0 1
3890.0 1
3900.0 1
3910.0 3
3920.0 2
3930.0 2
3940.0 3
3950.0 3
3960.0 1
3970.0 1
3980.0 1
3990.0 1