0.0 1
10.0 2
20.0 2
30.0 2
40.0 2
50.0 1
60.0 1
70.0 3
80.0 1
90.0 2
100.0 1
110.0 2
120.0 1
130.0 4
140.0 2
150.0 1
160.0 2
170.0 1
180.0 1
190.0 2
200.0 1
210.0 3
220.0 2
230.0 1
240.0 2
250.0 1
260.0 2
270.0 1
280.0 2
290.0 1
300.0 1
310.0 2
320.0 1
330.0 2
340.0 1
350.0 3
360.0 1
370.0 2
380.0 1
390.0 2
400.0 1
410.0 1
420.0 2
430.0 4
440.0 1
450.0 2
460.0 1
470.0 2
480.0 1
490.0 2
500.0 1
510.0 4
520.0 1
530.0 2
540.0 1
550.0 2
560.0 2
570.0 1
580.0 2
590.0 1
600.0 4
610.0 2
620.0 1
630.0 2
640.0 1
650.0 3
660.0 2
670.0 1
680.0 2
690.0 1
700.0 3
710.0 2
720.0 1
730.0 2
740.0 1
750.0 2
760.0 4
770.0 1
780.0 2
790.0 1
800.0 2
810.0 1
820.0 2
830.0 1
840.0 3
850.0 2
860.0 1
870.0 1
880.0 2
890.0 1
900.0 2
910.0 1
920.0 2
930.0 1
940.0 2
950.0 1
960.0 4
970.0 2
980.0 1
990.0 2
1000.0 1
1010.0 2
1020.0 1
1030.0 2
1040.0 1
1050.0 2
1060.0 1
1070.0 3
1080.0 1
1090.0 2
1100.0 1
1110.0 1
1120.0 2
1130.0 4
1140.0 1
1150.0 1
1160.0 2
1170.0 1
1180.0 2
1190.0 1
1200.0 2
1210.0 1
1220.0 3
1230.0 2
1240.0 1
1250.0 2
1260.0 1
1270.0 2
1280.0 1
1290.0 2
1300.0 4
1310.0 1
1320.0 2
1330.0 1
1340.0 2
1350.0 1
1360.0 2
1370.0 1
1380.0 2
1390.0 1
1400.0 1
1410.0 1
1420.0 2
1430.0 1
1440.0 4
1450.0 1
1460.0 2
1470.0 1
1480.0 3
1490.0 2
1500.0 1
1510.0 2
1520.0 1
1530.0 2
1540.0 4
1550.0 1
1560.0 2
1570.0 1
1580.0 2
1590.0 1
1600.0 2
1610.0 1
1620.0 2
1630.0 1
1640.0 2
1650.0 2
1660.0 1
1670.0 2
1680.0 1
1690.0 2
1700.0 3
1710.0 2
1720.0 1
1730.0 2
1740.0 1
1750.0 2
1760.0 1
1770.0 2
1780.0 1
1790.0 2
1800.0 1
1810.0 3
1820.0 1
1830.0 2
1840.0 1
1850.0 2
1860.0 1
1870.0 1
1880.0 2
1890.0 1
1900.0 2
1910.0 3
1920.0 1
1930.0 2
1940.0 4
1950.0 1
1960.0 2
1970.0 1
1980.0 2
1990.0 1
2000.0 2
2010.0 1
2020.0 2
2030.0 4
2040.0 1
2050.0 2
2060.0 1
2070.0 2
2080.0 1
2090.0 2
2100.0 1
2110.0 2
2120.0 1
2130.0 2
2140.0 1
2150.0 3
2160.0 1
2170.0 2
2180.0 4
2190.0 1
2200.0 2
2210.0 1
2220.0 2
2230.0 2
2240.0 1
2250.0 2
2260.0 1
2270.0 1
2280.0 2
2290.0 1
2300.0 4
2310.0 1
2320.0 2
2330.0 1
2340.0 1
2350.0 2
2360.0 1
2370.0 2
2380.0 1
2390.0 2
2400.0 1
2410.0 2
2420.0 3
2430.0 2
2440.0 1
2450.0 2
2460.0 4
2470.0 2
2480.0 1
2490.0 2
2500.0 1
2510.0 2
2520.0 1
2530.0 2
2540.0 1
2550.0 2
2560.0 2
2570.0 1
2580.0 2
2590.0 1
2600.0 2
2610.0 3
2620.0 1
2630.0 4
2640.0 2
2650.0 1
2660.0 1
2670.0 1
2680.0 2
2690.0 1
2700.0 1
2710.0 2
2720.0 1
2730.0 1
2740.0 2
2750.0 1
2760.0 2
2770.0 1
2780.0 2
2790.0 1
2800.0 2
2810.0 1
2820.0 2
2830.0 1
2840.0 1
2850.0 2
2860.0 1
2870.0 4
2880.0 1
2890.0 2
2900.0 1
2910.0 1
2920.0 2
2930.0 1
2940.0 2
2950.0 1
2960.0 2
2970.0 4
2980.0 1
2990.0 2
3000.0 3
3010.0 2
3020.0 1
3030.0 2
3040.0 1
3050.0 1
3060.0 2
3070.0 1
3080.0 2
3090.0 4
3100.0 2
3110.0 1
3120.0 2
3130.0 1
3140.0 2
3150.0 1
3160.0 4
3170.0 1
3180.0 2
3190.0 1
3200.0 2
3210.0 1
3220.0 1
3230.0 3
3240.0 1
3250.0 2
3260.0 4
3270.0 2
3280.0 1
3290.0 2
3300.0 1
3310.0 2
3320.0 1
3330.0 2
3340.0 2
3350.0 1
3360.0 2
3370.0 1
3380.0 1
3390.0 2
3400.0 1
3410.0 2
3420.0 1
3430.0 2
3440.0 1
3450.0 2
3460.0 3
3470.0 2
3480.0 1
3490.0 2
3500.0 4
3510.0 1
3520.0 2
3530.0 1
3540.0 2
3550.0 1
3560.0 2
3570.0 1
3580.0 2
3590.0 3
3600.0 1
3610.0 2
3620.0 1
3630.0 2
3640.0 4
3650.0 1
3660.0 3
3670.0 1
3680.0 2
3690.0 1
3700.0 3
3710.0 2
3720.0 1
3730.0 1
3740.0 2
3750.0 1
3760.0 4
3770.0 2
3780.0 1
3790.0 2
3800.0 1
3810.0 1
3820.0 2
3830.0 1
3840.0 4
3850.0 2
3860.0 3
3870.0 1
3880.0 2
3890.0 2
3900.0 1
3910.0 3
3920.0 3
3930.0 1
3940.0 2
3950.0 1
3960.0 2
3970.0 1
3980.0 1
3990.0 1