0.0 1
10.0 2
20.0 1
30.0 1
40.0 1
50.0 2
60.0 1
70.0 2
80.0 1
90.0 2
100.0 1
110.0 2
120.0 2
130.0 1
140.0 2
150.0 1
160.0 2
170.0 3
180.0 2
190.0 1
200.0 2
210.0 1
220.0 2
230.0 4
240.0 1
250.0 3
260.0 1
270.0 2
280.0 1
290.0 2
300.0 1
310.0 2
320.0 1
330.0 2
340.0 3
350.0 2
360.0 2
370.0 1
380.0 1
390.0 2
400.0 1
410.0 4
420.0 1
430.0 2
440.0 1
450.0 3
460.0 1
470.0 2
480.0 1
490.0 2
500.0 1
510.0 2
520.0 2
530.0 1
540.0 2
550.0 1
560.0 2
570.0 1
580.0 3
590.0 1
600.0 2
610.0 4
620.0 2
630.0 1
640.0 2
650.0 3
660.0 1
670.0 2
680.0 2
690.0 1
700.0 2
710.0 1
720.0 2
730.0 1
740.0 2
750.0 1
760.0 2
770.0 3
780.0 2
790.0 1
800.0 1
810.0 2
820.0 1
830.0 4
840.0 2
850.0 1
860.0 2
870.0 1
880.0 2
890.0 1
900.0 2
910.0 1
920.0 2
930.0 3
940.0 1
950.0 2
960.0 1
970.0 4
980.0 2
990.0 1
1000.0 2
1010.0 1
1020.0 2
1030.0 1
1040.0 2
1050.0 3
1060.0 2
1070.0 1
1080.0 4
1090.0 1
1100.0 2
1110.0 4
1120.0 2
1130.0 1
1140.0 2
1150.0 1
1160.0 1
1170.0 3
1180.0 1
1190.0 2
1200.0 1
1210.0 2
1220.0 1
1230.0 2
1240.0 1
1250.0 1
1260.0 2
1270.0 1
1280.0 2
1290.0 1
1300.0 2
1310.0 1
1320.0 2
1330.0 1
1340.0 1
1350.0 2
1360.0 4
1370.0 1
1380.0 2
1390.0 3
1400.0 4
1410.0 2
1420.0 1
1430.0 2
1440.0 2
1450.0 1
1460.0 2
1470.0 3
1480.0 1
1490.0 2
1500.0 1
1510.0 2
1520.0 1
1530.0 3
1540.0 2
1550.0 1
1560.0 4
1570.0 1
1580.0 2
1590.0 1
1600.0 2
1610.0 1
1620.0 4
1630.0 1
1640.0 2
1650.0 1
1660.0 3
1670.0 1
1680.0 2
1690.0 1
1700.0 2
1710.0 1
1720.0 2
1730.0 1
1740.0 2
1750.0 1
1760.0 2
1770.0 1
1780.0 2
1790.0 1
1800.0 2
1810.0 3
1820.0 1
1830.0 2
1840.0 1
1850.0 2
1860.0 1
1870.0 2
1880.0 4
1890.0 2
1900.0 2
1910.0 1
1920.0 2
1930.0 1
1940.0 2
1950.0 3
1960.0 1
1970.0 4
1980.0 2
1990.0 1
2000.0 2
2010.0 1
2020.0 3
2030.0 1
2040.0 2
2050.0 1
2060.0 2
2070.0 1
2080.0 2
2090.0 2
2100.0 2
2110.0 1
2120.0 2
2130.0 1
2140.0 2
2150.0 1
2160.0 2
2170.0 1
2180.0 3
2190.0 1
2200.0 2
2210.0 1
2220.0 2
2230.0 1
2240.0 2
2250.0 1
2260.0 2
2270.0 4
2280.0 2
2290.0 1
2300.0 2
2310.0 1
2320.0 2
2330.0 1
2340.0 2
2350.0 1
2360.0 3
2370.0 2
2380.0 1
2390.0 2
2400.0 1
2410.0 2
2420.0 4
2430.0 1
2440.0 2
2450.0 2
2460.0 1
2470.0 3
2480.0 2
2490.0 4
2500.0 2
2510.0 1
2520.0 2
2530.0 1
2540.0 2
2550.0 1
2560.0 2
2570.0 3
2580.0 2
2590.0 1
2600.0 2
2610.0 1
2620.0 2
2630.0 1
2640.0 1
2650.0 3
2660.0 2
2670.0 4
2680.0 1
2690.0 2
2700.0 2
2710.0 1
2720.0 3
2730.0 2
2740.0 1
2750.0 2
2760.0 1
2770.0 2
2780.0 4
2790.0 1
2800.0 2
2810.0 2
2820.0 1
2830.0 2
2840.0 1
2850.0 1
2860.0 2
2870.0 4
2880.0 2
2890.0 1
2900.0 2
2910.0 3
2920.0 1
2930.0 2
2940.0 1
2950.0 4
2960.0 1
2970.0 2
2980.0 1
2990.0 1
3000.0 2
3010.0 2
3020.0 1
3030.0 2
3040.0 1
3050.0 2
3060.0 1
3070.0 3
3080.0 1
3090.0 2
3100.0 1
3110.0 2
3120.0 1
3130.0 2
3140.0 4
3150.0 1
3160.0 2
3170.0 1
3180.0 2
3190.0 4
3200.0 2
3210.0 1
3220.0 2
3230.0 2
3240.0 1
3250.0 2
3260.0 1
3270.0 3
3280.0 2
3290.0 1
3300.0 1
3310.0 2
3320.0 3
3330.0 2
3340.0 1
3350.0 2
3360.0 4
3370.0 1
3380.0 2
3390.0 1
3400.0 2
3410.0 1
3420.0 2
3430.0 1
3440.0 2
3450.0 3
3460.0 1
3470.0 2
3480.0 4
3490.0 3
3500.0 2
3510.0 1
3520.0 2
3530.0 1
3540.0 2
3550.0 1
3560.0 4
3570.0 2
3580.0 1
3590.0 2
3600.0 1
3610.0 1
3620.0 2
3630.0 3
3640.0 1
3650.0 2
3660.0 4
3670.0 3
3680.0 1
3690.0 1
3700.0 2
3710.0 1
3720.0 4
3730.0 1
3740.0 2
3750.0 4
3760.0 4
3770.0 2
3780.0 2
3790.0 2
3800.0 3
3810.0 2
3820.0 1
3830.0 2
3840.0 3
3850.0 1
3860.0 1
3870.0 1
3880.0 1
3890.0 1
3900.0 1
3910.0 1
3920.0 4
3930.0 1
3940.0 2
3950.0 2
3960.0 3
3970.0 3
3980.0 1
3990.0 1