0.0 1
10.0 1
20.0 1
30.0 1
40.0 1
50.0 2
60.0 1
70.0 2
80.0 1
90.0 2
100.0 1
110.0 2
120.0 1
130.0 2
140.0 1
150.0 2
160.0 1
170.0 2
180.0 1
190.0 2
200.0 1
210.0 2
220.0 1
230.0 2
240.0 1
250.0 4
260.0 1
270.0 2
280.0 1
290.0 2
300.0 1
310.0 2
320.0 2
330.0 3
340.0 2
350.0 1
360.0 4
370.0 2
380.0 1
390.0 2
400.0 1
410.0 2
420.0 1
430.0 2
440.0 1
450.0 4
460.0 2
470.0 1
480.0 2
490.0 1
500.0 2
510.0 3
520.0 1
530.0 2
540.0 1
550.0 2
560.0 1
570.0 2
580.0 1
590.0 2
600.0 1
610.0 2
620.0 2
630.0 1
640.0 2
650.0 3
660.0 1
670.0 2
680.0 1
690.0 4
700.0 1
710.0 2
720.0 1
730.0 2
740.0 1
750.0 2
760.0 1
770.0 3
780.0 1
790.0 2
800.0 1
810.0 2
820.0 2
830.0 1
840.0 1
850.0 2
860.0 1
870.0 4
880.0 2
890.0 1
900.0 1
910.0 2
920.0 2
930.0 1
940.0 2
950.0 3
960.0 2
970.0 1
980.0 2
990.0 1
1000.0 2
1010.0 4
1020.0 2
1030.0 1
1040.0 3
1050.0 2
1060.0 1
1070.0 2
1080.0 1
1090.0 2
1100.0 1
1110.0 2
1120.0 4
1130.0 2
1140.0 1
1150.0 2
1160.0 1
1170.0 2
1180.0 1
1190.0 3
1200.0 1
1210.0 2
1220.0 1
1230.0 2
1240.0 1
1250.0 4
1260.0 1
1270.0 2
1280.0 1
1290.0 3
1300.0 2
1310.0 1
1320.0 2
1330.0 1
1340.0 2
1350.0 1
1360.0 2
1370.0 4
1380.0 1
1390.0 2
1400.0 3
1410.0 2
1420.0 1
1430.0 3
1440.0 1
1450.0 2
1460.0 1
1470.0 2
1480.0 2
1490.0 1
1500.0 2
1510.0 4
1520.0 1
1530.0 2
1540.0 1
1550.0 2
1560.0 3
1570.0 2
1580.0 1
1590.0 2
1600.0 1
1610.0 2
1620.0 1
1630.0 1
1640.0 2
1650.0 1
1660.0 4
1670.0 2
1680.0 1
1690.0 2
1700.0 3
1710.0 1
1720.0 2
1730.0 1
1740.0 2
1750.0 4
1760.0 2
1770.0 1
1780.0 3
1790.0 2
1800.0 1
1810.0 2
1820.0 1
1830.0 4
1840.0 2
1850.0 1
1860.0 2
1870.0 1
1880.0 2
1890.0 1
1900.0 2
1910.0 2
1920.0 3
1930.0 2
1940.0 1
1950.0 2
1960.0 1
1970.0 2
1980.0 1
1990.0 2
2000.0 1
2010.0 4
2020.0 2
2030.0 1
2040.0 2
2050.0 1
2060.0 2
2070.0 3
2080.0 1
2090.0 2
2100.0 1
2110.0 2
2120.0 1
2130.0 2
2140.0 2
2150.0 1
2160.0 2
2170.0 3
2180.0 2
2190.0 1
2200.0 4
2210.0 2
2220.0 1
2230.0 2
2240.0 1
2250.0 2
2260.0 2
2270.0 1
2280.0 2
2290.0 1
2300.0 2
2310.0 3
2320.0 1
2330.0 2
2340.0 2
2350.0 1
2360.0 2
2370.0 4
2380.0 2
2390.0 1
2400.0 2
2410.0 1
2420.0 2
2430.0 2
2440.0 1
2450.0 3
2460.0 2
2470.0 1
2480.0 2
2490.0 1
2500.0 2
2510.0 3
2520.0 2
2530.0 1
2540.0 2
2550.0 4
2560.0 1
2570.0 2
2580.0 2
2590.0 1
2600.0 2
2610.0 3
2620.0 1
2630.0 2
2640.0 1
2650.0 2
2660.0 4
2670.0 1
2680.0 2
2690.0 3
2700.0 1
2710.0 2
2720.0 3
2730.0 2
2740.0 1
2750.0 2
2760.0 1
2770.0 2
2780.0 1
2790.0 4
2800.0 1
2810.0 2
2820.0 1
2830.0 2
2840.0 3
2850.0 1
2860.0 2
2870.0 1
2880.0 4
2890.0 1
2900.0 2
2910.0 3
2920.0 1
2930.0 2
2940.0 2
2950.0 1
2960.0 2
2970.0 1
2980.0 1
2990.0 3
3000.0 2
3010.0 1
3020.0 1
3030.0 2
3040.0 1
3050.0 2
3060.0 1
3070.0 2
3080.0 1
3090.0 3
3100.0 1
3110.0 2
3120.0 1
3130.0 2
3140.0 1
3150.0 4
3160.0 1
3170.0 2
3180.0 1
3190.0 2
3200.0 1
3210.0 2
3220.0 1
3230.0 2
3240.0 2
3250.0 1
3260.0 3
3270.0 2
3280.0 1
3290.0 4
3300.0 1
3310.0 2
3320.0 1
3330.0 3
3340.0 1
3350.0 2
3360.0 1
3370.0 4
3380.0 1
3390.0 2
3400.0 1
3410.0 2
3420.0 1
3430.0 2
3440.0 1
3450.0 2
3460.0 1
3470.0 2
3480.0 1
3490.0 2
3500.0 1
3510.0 2
3520.0 1
3530.0 2
3540.0 1
3550.0 2
3560.0 1
3570.0 4
3580.0 1
3590.0 3
3600.0 2
3610.0 1
3620.0 2
3630.0 2
3640.0 3
3650.0 2
3660.0 4
3670.0 2
3680.0 2
3690.0 1
3700.0 2
3710.0 3
3720.0 4
3730.0 3
3740.0 1
3750.0 2
3760.0 1
3770.0 1
3780.0 1
3790.0 2
3800.0 1
3810.0 4
3820.0 1
3830.0 2
3840.0 1
3850.0 1
3860.0 2
3870.0 2
3880.0 2
3890.0 2
3900.0 1
3910.0 1
3920.0 1
3930.0 3
3940.0 2
3950.0 2
3960.0 3
3970.0 2
3980.0 1
3990.0 2