0.0 1
10.0 1
20.0 1
30.0 1
40.0 3
50.0 4
60.0 4
70.0 2
80.0 2
90.0 2
100.0 2
110.0 2
120.0 2
130.0 2
140.0 2
150.0 1
160.0 2
170.0 2
180.0 1
190.0 2
200.0 3
210.0 2
220.0 1
230.0 2
240.0 1
250.0 2
260.0 1
270.0 4
280.0 2
290.0 1
300.0 4
310.0 2
320.0 1
330.0 1
340.0 4
350.0 2
360.0 1
370.0 2
380.0 1
390.0 2
400.0 1
410.0 2
420.0 1
430.0 2
440.0 1
450.0 2
460.0 3
470.0 1
480.0 2
490.0 4
500.0 2
510.0 1
520.0 2
530.0 1
540.0 2
550.0 1
560.0 3
570.0 2
580.0 1
590.0 2
600.0 1
610.0 2
620.0 1
630.0 1
640.0 2
650.0 1
660.0 2
670.0 1
680.0 4
690.0 2
700.0 1
710.0 2
720.0 3
730.0 4
740.0 1
750.0 2
760.0 3
770.0 1
780.0 2
790.0 1
800.0 3
810.0 1
820.0 2
830.0 4
840.0 1
850.0 2
860.0 3
870.0 2
880.0 1
890.0 2
900.0 1
910.0 2
920.0 1
930.0 2
940.0 1
950.0 2
960.0 1
970.0 2
980.0 2
990.0 1
1000.0 2
1010.0 1
1020.0 2
1030.0 3
1040.0 1
1050.0 2
1060.0 4
1070.0 1
1080.0 2
1090.0 1
1100.0 2
1110.0 1
1120.0 2
1130.0 1
1140.0 4
1150.0 2
1160.0 3
1170.0 2
1180.0 1
1190.0 2
1200.0 4
1210.0 1
1220.0 2
1230.0 1
1240.0 2
1250.0 2
1260.0 1
1270.0 2
1280.0 1
1290.0 2
1300.0 1
1310.0 2
1320.0 1
1330.0 2
1340.0 2
1350.0 1
1360.0 4
1370.0 2
1380.0 1
1390.0 2
1400.0 3
1410.0 2
1420.0 1
1430.0 2
1440.0 1
1450.0 1
1460.0 2
1470.0 1
1480.0 2
1490.0 1
1500.0 2
1510.0 1
1520.0 2
1530.0 1
1540.0 2
1550.0 1
1560.0 4
1570.0 2
1580.0 1
1590.0 2
1600.0 1
1610.0 2
1620.0 1
1630.0 2
1640.0 1
1650.0 2
1660.0 1
1670.0 2
1680.0 1
1690.0 2
1700.0 3
1710.0 2
1720.0 1
1730.0 4
1740.0 1
1750.0 2
1760.0 1
1770.0 2
1780.0 1
1790.0 2
1800.0 4
1810.0 2
1820.0 1
1830.0 2
1840.0 2
1850.0 3
1860.0 1
1870.0 2
1880.0 1
1890.0 2
1900.0 2
1910.0 2
1920.0 3
1930.0 1
1940.0 2
1950.0 1
1960.0 2
1970.0 3
1980.0 2
1990.0 1
2000.0 2
2010.0 1
2020.0 2
2030.0 3
2040.0 4
2050.0 1
2060.0 2
2070.0 1
2080.0 2
2090.0 2
2100.0 1
2110.0 2
2120.0 1
2130.0 2
2140.0 1
2150.0 2
2160.0 2
2170.0 1
2180.0 2
2190.0 1
2200.0 2
2210.0 1
2220.0 4
2230.0 2
2240.0 1
2250.0 3
2260.0 2
2270.0 1
2280.0 2
2290.0 1
2300.0 2
2310.0 1
2320.0 2
2330.0 1
2340.0 2
2350.0 3
2360.0 4
2370.0 1
2380.0 2
2390.0 1
2400.0 2
2410.0 4
2420.0 1
2430.0 2
2440.0 1
2450.0 2
2460.0 2
2470.0 1
2480.0 2
2490.0 1
2500.0 2
2510.0 3
2520.0 2
2530.0 1
2540.0 2
2550.0 1
2560.0 2
2570.0 1
2580.0 2
2590.0 1
2600.0 4
2610.0 2
2620.0 1
2630.0 2
2640.0 2
2650.0 3
2660.0 1
2670.0 2
2680.0 4
2690.0 2
2700.0 1
2710.0 2
2720.0 1
2730.0 2
2740.0 3
2750.0 1
2760.0 2
2770.0 1
2780.0 2
2790.0 2
2800.0 2
2810.0 1
2820.0 2
2830.0 1
2840.0 2
2850.0 4
2860.0 2
2870.0 1
2880.0 2
2890.0 1
2900.0 2
2910.0 1
2920.0 3
2930.0 1
2940.0 2
2950.0 2
2960.0 2
2970.0 1
2980.0 2
2990.0 2
3000.0 1
3010.0 2
3020.0 1
3030.0 2
3040.0 3
3050.0 4
3060.0 1
3070.0 2
3080.0 1
3090.0 2
3100.0 1
3110.0 2
3120.0 4
3130.0 2
3140.0 1
3150.0 2
3160.0 1
3170.0 2
3180.0 2
3190.0 1
3200.0 2
3210.0 2
3220.0 2
3230.0 1
3240.0 2
3250.0 2
3260.0 1
3270.0 2
3280.0 1
3290.0 2
3300.0 1
3310.0 1
3320.0 2
3330.0 4
3340.0 2
3350.0 1
3360.0 2
3370.0 3
3380.0 1
3390.0 2
3400.0 1
3410.0 2
3420.0 1
3430.0 2
3440.0 1
3450.0 1
3460.0 2
3470.0 1
3480.0 2
3490.0 3
3500.0 1
3510.0 2
3520.0 1
3530.0 2
3540.0 2
3550.0 1
3560.0 2
3570.0 4
3580.0 1
3590.0 2
3600.0 1
3610.0 2
3620.0 1
3630.0 3
3640.0 2
3650.0 2
3660.0 1
3670.0 2
3680.0 1
3690.0 2
3700.0 1
3710.0 3
3720.0 1
3730.0 2
3740.0 4
3750.0 1
3760.0 2
3770.0 1
3780.0 2
3790.0 1
3800.0 2
3810.0 1
3820.0 4
3830.0 1
3840.0 2
3850.0 1
3860.0 3
3870.0 2
3880.0 1
3890.0 1
3900.0 2
3910.0 1
3920.0 2
3930.0 4
3940.0 1
3950.0 3
3960.0 2
3970.0 1
3980.0 1
3990.0 1