0.0 3
10.0 3
20.0 4
30.0 4
40.0 3
50.0 3
60.0 4
70.0 2
80.0 3
90.0 2
100.0 2
110.0 2
120.0 2
130.0 1
140.0 3
150.0 2
160.0 1
170.0 1
180.0 2
190.0 2
200.0 1
210.0 2
220.0 2
230.0 2
240.0 4
250.0 2
260.0 1
270.0 2
280.0 1
290.0 2
300.0 1
310.0 2
320.0 1
330.0 2
340.0 1
350.0 3
360.0 1
370.0 2
380.0 2
390.0 1
400.0 2
410.0 1
420.0 2
430.0 1
440.0 3
450.0 1
460.0 2
470.0 1
480.0 2
490.0 1
500.0 2
510.0 4
520.0 1
530.0 2
540.0 1
550.0 3
560.0 1
570.0 2
580.0 1
590.0 4
600.0 1
610.0 2
620.0 1
630.0 2
640.0 1
650.0 2
660.0 1
670.0 4
680.0 2
690.0 1
700.0 1
710.0 2
720.0 1
730.0 1
740.0 2
750.0 1
760.0 2
770.0 1
780.0 2
790.0 3
800.0 1
810.0 2
820.0 1
830.0 2
840.0 4
850.0 1
860.0 2
870.0 3
880.0 1
890.0 2
900.0 2
910.0 1
920.0 4
930.0 1
940.0 2
950.0 1
960.0 2
970.0 1
980.0 3
990.0 2
1000.0 1
1010.0 2
1020.0 1
1030.0 2
1040.0 1
1050.0 2
1060.0 1
1070.0 2
1080.0 1
1090.0 2
1100.0 1
1110.0 2
1120.0 1
1130.0 4
1140.0 1
1150.0 2
1160.0 3
1170.0 1
1180.0 2
1190.0 1
1200.0 1
1210.0 2
1220.0 1
1230.0 2
1240.0 1
1250.0 4
1260.0 2
1270.0 1
1280.0 1
1290.0 2
1300.0 4
1310.0 1
1320.0 2
1330.0 1
1340.0 3
1350.0 1
1360.0 2
1370.0 2
1380.0 1
1390.0 4
1400.0 1
1410.0 2
1420.0 1
1430.0 2
1440.0 1
1450.0 2
1460.0 1
1470.0 2
1480.0 1
1490.0 1
1500.0 4
1510.0 2
1520.0 1
1530.0 3
1540.0 1
1550.0 2
1560.0 2
1570.0 1
1580.0 2
1590.0 1
1600.0 2
1610.0 1
1620.0 1
1630.0 2
1640.0 1
1650.0 2
1660.0 2
1670.0 1
1680.0 2
1690.0 1
1700.0 2
1710.0 1
1720.0 2
1730.0 1
1740.0 2
1750.0 4
1760.0 1
1770.0 2
1780.0 1
1790.0 3
1800.0 1
1810.0 2
1820.0 2
1830.0 1
1840.0 2
1850.0 3
1860.0 1
1870.0 2
1880.0 1
1890.0 2
1900.0 1
1910.0 2
1920.0 1
1930.0 3
1940.0 2
1950.0 1
1960.0 2
1970.0 1
1980.0 4
1990.0 1
2000.0 2
2010.0 1
2020.0 2
2030.0 1
2040.0 2
2050.0 1
2060.0 2
2070.0 3
2080.0 2
2090.0 1
2100.0 2
2110.0 1
2120.0 2
2130.0 1
2140.0 2
2150.0 4
2160.0 2
2170.0 1
2180.0 2
2190.0 1
2200.0 2
2210.0 1
2220.0 2
2230.0 4
2240.0 1
2250.0 2
2260.0 1
2270.0 2
2280.0 1
2290.0 2
2300.0 1
2310.0 2
2320.0 1
2330.0 2
2340.0 4
2350.0 1
2360.0 3
2370.0 1
2380.0 2
2390.0 1
2400.0 1
2410.0 2
2420.0 1
2430.0 2
2440.0 1
2450.0 2
2460.0 1
2470.0 4
2480.0 1
2490.0 2
2500.0 1
2510.0 2
2520.0 1
2530.0 4
2540.0 2
2550.0 1
2560.0 2
2570.0 3
2580.0 2
2590.0 1
2600.0 4
2610.0 2
2620.0 4
2630.0 4
2640.0 1
2650.0 2
2660.0 1
2670.0 1
2680.0 2
2690.0 1
2700.0 1
2710.0 2
2720.0 1
2730.0 1
2740.0 2
2750.0 1
2760.0 4
2770.0 2
2780.0 1
2790.0 3
2800.0 1
2810.0 2
2820.0 1
2830.0 2
2840.0 1
2850.0 1
2860.0 2
2870.0 1
2880.0 2
2890.0 4
2900.0 1
2910.0 2
2920.0 1
2930.0 1
2940.0 2
2950.0 1
2960.0 2
2970.0 1
2980.0 4
2990.0 1
3000.0 2
3010.0 1
3020.0 2
3030.0 1
3040.0 4
3050.0 2
3060.0 1
3070.0 2
3080.0 1
3090.0 1
3100.0 4
3110.0 2
3120.0 1
3130.0 4
3140.0 2
3150.0 1
3160.0 3
3170.0 2
3180.0 1
3190.0 2
3200.0 1
3210.0 4
3220.0 1
3230.0 2
3240.0 1
3250.0 1
3260.0 2
3270.0 1
3280.0 2
3290.0 1
3300.0 2
3310.0 1
3320.0 2
3330.0 1
3340.0 4
3350.0 2
3360.0 1
3370.0 4
3380.0 1
3390.0 2
3400.0 1
3410.0 2
3420.0 2
3430.0 1
3440.0 2
3450.0 1
3460.0 2
3470.0 1
3480.0 3
3490.0 1
3500.0 2
3510.0 2
3520.0 1
3530.0 2
3540.0 2
3550.0 1
3560.0 2
3570.0 1
3580.0 4
3590.0 2
3600.0 1
3610.0 2
3620.0 1
3630.0 2
3640.0 1
3650.0 2
3660.0 1
3670.0 3
3680.0 4
3690.0 1
3700.0 2
3710.0 1
3720.0 2
3730.0 1
3740.0 4
3750.0 3
3760.0 2
3770.0 1
3780.0 2
3790.0 1
3800.0 2
3810.0 1
3820.0 1
3830.0 2
3840.0 4
3850.0 3
3860.0 1
3870.0 2
3880.0 1
3890.0 1
3900.0 2
3910.0 1
3920.0 1
3930.0 2
3940.0 4
3950.0 1
3960.0 2
3970.0 2
3980.0 2
3990.0 4