0.0 1
10.0 2
20.0 2
30.0 3
40.0 3
50.0 3
60.0 2
70.0 2
80.0 2
90.0 2
100.0 2
110.0 2
120.0 2
130.0 2
140.0 2
150.0 1
160.0 2
170.0 2
180.0 4
190.0 2
200.0 1
210.0 2
220.0 3
230.0 1
240.0 3
250.0 1
260.0 2
270.0 2
280.0 2
290.0 2
300.0 1
310.0 2
320.0 4
330.0 2
340.0 3
350.0 2
360.0 1
370.0 1
380.0 2
390.0 1
400.0 2
410.0 3
420.0 1
430.0 2
440.0 1
450.0 2
460.0 1
470.0 2
480.0 3
490.0 2
500.0 1
510.0 2
520.0 1
530.0 2
540.0 4
550.0 2
560.0 1
570.0 3
580.0 2
590.0 1
600.0 2
610.0 1
620.0 2
630.0 3
640.0 2
650.0 1
660.0 3
670.0 2
680.0 1
690.0 2
700.0 1
710.0 2
720.0 1
730.0 2
740.0 1
750.0 4
760.0 2
770.0 1
780.0 2
790.0 4
800.0 2
810.0 1
820.0 2
830.0 1
840.0 2
850.0 1
860.0 2
870.0 3
880.0 1
890.0 2
900.0 1
910.0 2
920.0 1
930.0 2
940.0 3
950.0 4
960.0 1
970.0 2
980.0 1
990.0 2
1000.0 2
1010.0 1
1020.0 2
1030.0 4
1040.0 1
1050.0 2
1060.0 3
1070.0 2
1080.0 1
1090.0 2
1100.0 2
1110.0 1
1120.0 2
1130.0 4
1140.0 2
1150.0 1
1160.0 2
1170.0 1
1180.0 2
1190.0 1
1200.0 3
1210.0 1
1220.0 2
1230.0 1
1240.0 2
1250.0 1
1260.0 2
1270.0 1
1280.0 1
1290.0 2
1300.0 1
1310.0 2
1320.0 1
1330.0 2
1340.0 1
1350.0 2
1360.0 1
1370.0 2
1380.0 1
1390.0 2
1400.0 1
1410.0 2
1420.0 1
1430.0 3
1440.0 1
1450.0 2
1460.0 4
1470.0 1
1480.0 2
1490.0 1
1500.0 2
1510.0 3
1520.0 1
1530.0 2
1540.0 1
1550.0 2
1560.0 4
1570.0 1
1580.0 2
1590.0 1
1600.0 4
1610.0 3
1620.0 1
1630.0 2
1640.0 3
1650.0 2
1660.0 4
1670.0 1
1680.0 2
1690.0 4
1700.0 1
1710.0 3
1720.0 2
1730.0 1
1740.0 1
1750.0 2
1760.0 1
1770.0 1
1780.0 2
1790.0 1
1800.0 2
1810.0 4
1820.0 1
1830.0 2
1840.0 1
1850.0 4
1860.0 1
1870.0 2
1880.0 1
1890.0 3
1900.0 1
1910.0 2
1920.0 2
1930.0 4
1940.0 1
1950.0 3
1960.0 2
1970.0 1
1980.0 2
1990.0 4
2000.0 2
2010.0 1
2020.0 2
2030.0 1
2040.0 4
2050.0 1
2060.0 2
2070.0 3
2080.0 1
2090.0 2
2100.0 1
2110.0 2
2120.0 2
2130.0 1
2140.0 2
2150.0 2
2160.0 1
2170.0 2
2180.0 1
2190.0 3
2200.0 2
2210.0 1
2220.0 1
2230.0 4
2240.0 2
2250.0 1
2260.0 2
2270.0 1
2280.0 3
2290.0 2
2300.0 1
2310.0 4
2320.0 2
2330.0 1
2340.0 1
2350.0 2
2360.0 3
2370.0 1
2380.0 2
2390.0 4
2400.0 1
2410.0 2
2420.0 1
2430.0 2
2440.0 1
2450.0 2
2460.0 1
2470.0 2
2480.0 4
2490.0 2
2500.0 1
2510.0 2
2520.0 1
2530.0 2
2540.0 1
2550.0 3
2560.0 1
2570.0 2
2580.0 1
2590.0 2
2600.0 1
2610.0 1
2620.0 2
2630.0 1
2640.0 1
2650.0 2
2660.0 1
2670.0 2
2680.0 1
2690.0 2
2700.0 1
2710.0 4
2720.0 1
2730.0 2
2740.0 2
2750.0 1
2760.0 3
2770.0 2
2780.0 1
2790.0 2
2800.0 1
2810.0 2
2820.0 4
2830.0 1
2840.0 2
2850.0 1
2860.0 2
2870.0 3
2880.0 1
2890.0 2
2900.0 2
2910.0 1
2920.0 2
2930.0 1
2940.0 2
2950.0 1
2960.0 2
2970.0 2
2980.0 4
2990.0 2
3000.0 1
3010.0 3
3020.0 1
3030.0 2
3040.0 2
3050.0 1
3060.0 2
3070.0 1
3080.0 2
3090.0 1
3100.0 2
3110.0 1
3120.0 1
3130.0 2
3140.0 3
3150.0 2
3160.0 1
3170.0 3
3180.0 2
3190.0 1
3200.0 2
3210.0 1
3220.0 2
3230.0 1
3240.0 3
3250.0 2
3260.0 1
3270.0 1
3280.0 1
3290.0 4
3300.0 2
3310.0 1
3320.0 2
3330.0 1
3340.0 2
3350.0 1
3360.0 3
3370.0 1
3380.0 2
3390.0 1
3400.0 2
3410.0 1
3420.0 1
3430.0 2
3440.0 1
3450.0 2
3460.0 1
3470.0 4
3480.0 2
3490.0 3
3500.0 1
3510.0 2
3520.0 1
3530.0 2
3540.0 1
3550.0 3
3560.0 2
3570.0 1
3580.0 2
3590.0 1
3600.0 2
3610.0 4
3620.0 2
3630.0 1
3640.0 2
3650.0 1
3660.0 2
3670.0 1
3680.0 2
3690.0 1
3700.0 2
3710.0 1
3720.0 4
3730.0 1
3740.0 2
3750.0 1
3760.0 1
3770.0 3
3780.0 2
3790.0 1
3800.0 2
3810.0 1
3820.0 1
3830.0 1
3840.0 2
3850.0 1
3860.0 4
3870.0 1
3880.0 3
3890.0 1
3900.0 2
3910.0 1
3920.0 2
3930.0 1
3940.0 2
3950.0 2
3960.0 1
3970.0 3
3980.0 2
3990.0 2