0.0 4
10.0 4
20.0 4
30.0 4
40.0 4
50.0 4
60.0 2
70.0 4
80.0 2
90.0 2
100.0 2
110.0 2
120.0 2
130.0 2
140.0 2
150.0 2
160.0 1
170.0 2
180.0 2
190.0 1
200.0 2
210.0 3
220.0 2
230.0 3
240.0 1
250.0 2
260.0 1
270.0 3
280.0 4
290.0 1
300.0 2
310.0 1
320.0 2
330.0 1
340.0 3
350.0 4
360.0 2
370.0 1
380.0 2
390.0 1
400.0 2
410.0 4
420.0 1
430.0 2
440.0 3
450.0 4
460.0 1
470.0 2
480.0 1
490.0 2
500.0 1
510.0 4
520.0 1
530.0 2
540.0 3
550.0 1
560.0 2
570.0 1
580.0 2
590.0 4
600.0 1
610.0 2
620.0 1
630.0 2
640.0 3
650.0 2
660.0 1
670.0 2
680.0 1
690.0 2
700.0 1
710.0 2
720.0 4
730.0 1
740.0 2
750.0 1
760.0 2
770.0 1
780.0 2
790.0 1
800.0 2
810.0 1
820.0 2
830.0 3
840.0 2
850.0 1
860.0 4
870.0 2
880.0 1
890.0 2
900.0 1
910.0 3
920.0 2
930.0 1
940.0 2
950.0 4
960.0 1
970.0 2
980.0 2
990.0 1
1000.0 2
1010.0 1
1020.0 2
1030.0 1
1040.0 2
1050.0 1
1060.0 4
1070.0 2
1080.0 1
1090.0 3
1100.0 1
1110.0 2
1120.0 1
1130.0 2
1140.0 1
1150.0 2
1160.0 1
1170.0 2
1180.0 1
1190.0 2
1200.0 1
1210.0 2
1220.0 1
1230.0 4
1240.0 1
1250.0 2
1260.0 3
1270.0 2
1280.0 1
1290.0 2
1300.0 4
1310.0 1
1320.0 2
1330.0 1
1340.0 2
1350.0 4
1360.0 1
1370.0 2
1380.0 1
1390.0 2
1400.0 1
1410.0 2
1420.0 1
1430.0 4
1440.0 1
1450.0 2
1460.0 1
1470.0 3
1480.0 2
1490.0 1
1500.0 4
1510.0 1
1520.0 2
1530.0 2
1540.0 3
1550.0 1
1560.0 2
1570.0 1
1580.0 2
1590.0 2
1600.0 1
1610.0 2
1620.0 1
1630.0 2
1640.0 1
1650.0 2
1660.0 1
1670.0 2
1680.0 1
1690.0 2
1700.0 1
1710.0 4
1720.0 2
1730.0 1
1740.0 1
1750.0 2
1760.0 1
1770.0 2
1780.0 1
1790.0 2
1800.0 1
1810.0 4
1820.0 2
1830.0 1
1840.0 2
1850.0 1
1860.0 2
1870.0 4
1880.0 1
1890.0 2
1900.0 3
1910.0 1
1920.0 4
1930.0 1
1940.0 2
1950.0 3
1960.0 1
1970.0 2
1980.0 1
1990.0 2
2000.0 3
2010.0 1
2020.0 2
2030.0 1
2040.0 4
2050.0 1
2060.0 2
2070.0 1
2080.0 2
2090.0 1
2100.0 2
2110.0 2
2120.0 3
2130.0 1
2140.0 2
2150.0 1
2160.0 2
2170.0 1
2180.0 2
2190.0 1
2200.0 2
2210.0 4
2220.0 2
2230.0 1
2240.0 2
2250.0 1
2260.0 2
2270.0 1
2280.0 1
2290.0 1
2300.0 4
2310.0 2
2320.0 1
2330.0 2
2340.0 1
2350.0 2
2360.0 1
2370.0 1
2380.0 2
2390.0 1
2400.0 2
2410.0 1
2420.0 3
2430.0 2
2440.0 1
2450.0 2
2460.0 1
2470.0 2
2480.0 1
2490.0 2
2500.0 1
2510.0 2
2520.0 2
2530.0 3
2540.0 2
2550.0 1
2560.0 4
2570.0 2
2580.0 1
2590.0 2
2600.0 1
2610.0 2
2620.0 1
2630.0 2
2640.0 1
2650.0 2
2660.0 4
2670.0 3
2680.0 2
2690.0 1
2700.0 2
2710.0 1
2720.0 2
2730.0 3
2740.0 2
2750.0 1
2760.0 4
2770.0 2
2780.0 1
2790.0 2
2800.0 4
2810.0 3
2820.0 1
2830.0 2
2840.0 1
2850.0 2
2860.0 1
2870.0 2
2880.0 1
2890.0 4
2900.0 2
2910.0 1
2920.0 3
2930.0 2
2940.0 1
2950.0 4
2960.0 1
2970.0 2
2980.0 2
2990.0 1
3000.0 2
3010.0 3
3020.0 1
3030.0 2
3040.0 3
3050.0 4
3060.0 1
3070.0 2
3080.0 1
3090.0 2
3100.0 1
3110.0 2
3120.0 1
3130.0 4
3140.0 1
3150.0 2
3160.0 1
3170.0 2
3180.0 1
3190.0 1
3200.0 4
3210.0 2
3220.0 1
3230.0 1
3240.0 2
3250.0 1
3260.0 4
3270.0 1
3280.0 2
3290.0 1
3300.0 2
3310.0 1
3320.0 3
3330.0 1
3340.0 2
3350.0 1
3360.0 4
3370.0 1
3380.0 2
3390.0 1
3400.0 2
3410.0 1
3420.0 2
3430.0 1
3440.0 2
3450.0 1
3460.0 2
3470.0 2
3480.0 1
3490.0 2
3500.0 1
3510.0 2
3520.0 1
3530.0 2
3540.0 2
3550.0 1
3560.0 2
3570.0 1
3580.0 2
3590.0 1
3600.0 2
3610.0 4
3620.0 1
3630.0 2
3640.0 1
3650.0 2
3660.0 1
3670.0 2
3680.0 3
3690.0 1
3700.0 1
3710.0 4
3720.0 2
3730.0 1
3740.0 1
3750.0 2
3760.0 1
3770.0 1
3780.0 2
3790.0 1
3800.0 1
3810.0 2
3820.0 1
3830.0 4
3840.0 2
3850.0 1
3860.0 3
3870.0 1
3880.0 2
3890.0 4
3900.0 2
3910.0 2
3920.0 1
3930.0 2
3940.0 4
3950.0 4
3960.0 4
3970.0 4
3980.0 4
3990.0 4