0.0 3
10.0 3
20.0 2
30.0 2
40.0 2
50.0 2
60.0 2
70.0 2
80.0 1
90.0 2
100.0 1
110.0 2
120.0 1
130.0 2
140.0 2
150.0 1
160.0 2
170.0 2
180.0 1
190.0 2
200.0 1
210.0 2
220.0 1
230.0 2
240.0 2
250.0 1
260.0 2
270.0 4
280.0 1
290.0 2
300.0 2
310.0 1
320.0 2
330.0 4
340.0 2
350.0 1
360.0 2
370.0 1
380.0 2
390.0 4
400.0 2
410.0 1
420.0 2
430.0 1
440.0 3
450.0 2
460.0 1
470.0 2
480.0 1
490.0 2
500.0 1
510.0 1
520.0 2
530.0 1
540.0 1
550.0 2
560.0 3
570.0 1
580.0 2
590.0 1
600.0 2
610.0 1
620.0 1
630.0 2
640.0 1
650.0 2
660.0 1
670.0 2
680.0 1
690.0 4
700.0 2
710.0 1
720.0 2
730.0 3
740.0 1
750.0 2
760.0 1
770.0 2
780.0 1
790.0 2
800.0 1
810.0 2
820.0 4
830.0 1
840.0 2
850.0 3
860.0 1
870.0 2
880.0 1
890.0 2
900.0 1
910.0 2
920.0 4
930.0 2
940.0 1
950.0 2
960.0 1
970.0 2
980.0 1
990.0 2
1000.0 1
1010.0 2
1020.0 1
1030.0 3
1040.0 1
1050.0 2
1060.0 1
1070.0 3
1080.0 1
1090.0 2
1100.0 2
1110.0 1
1120.0 4
1130.0 2
1140.0 1
1150.0 3
1160.0 1
1170.0 2
1180.0 1
1190.0 2
1200.0 1
1210.0 4
1220.0 1
1230.0 2
1240.0 3
1250.0 2
1260.0 1
1270.0 2
1280.0 1
1290.0 2
1300.0 1
1310.0 2
1320.0 1
1330.0 3
1340.0 1
1350.0 2
1360.0 1
1370.0 2
1380.0 1
1390.0 2
1400.0 3
1410.0 2
1420.0 1
1430.0 2
1440.0 1
1450.0 2
1460.0 4
1470.0 2
1480.0 1
1490.0 3
1500.0 2
1510.0 1
1520.0 1
1530.0 2
1540.0 1
1550.0 2
1560.0 1
1570.0 3
1580.0 2
1590.0 1
1600.0 2
1610.0 1
1620.0 2
1630.0 1
1640.0 2
1650.0 1
1660.0 2
1670.0 1
1680.0 3
1690.0 2
1700.0 1
1710.0 4
1720.0 2
1730.0 1
1740.0 1
1750.0 2
1760.0 1
1770.0 2
1780.0 1
1790.0 3
1800.0 1
1810.0 2
1820.0 2
1830.0 1
1840.0 2
1850.0 3
1860.0 1
1870.0 2
1880.0 1
1890.0 2
1900.0 1
1910.0 2
1920.0 4
1930.0 1
1940.0 2
1950.0 1
1960.0 2
1970.0 1
1980.0 2
1990.0 3
2000.0 1
2010.0 4
2020.0 2
2030.0 1
2040.0 1
2050.0 2
2060.0 1
2070.0 4
2080.0 1
2090.0 2
2100.0 1
2110.0 3
2120.0 2
2130.0 1
2140.0 4
2150.0 2
2160.0 1
2170.0 2
2180.0 1
2190.0 2
2200.0 2
2210.0 1
2220.0 2
2230.0 1
2240.0 2
2250.0 1
2260.0 2
2270.0 1
2280.0 3
2290.0 1
2300.0 2
2310.0 1
2320.0 2
2330.0 1
2340.0 3
2350.0 2
2360.0 1
2370.0 2
2380.0 1
2390.0 4
2400.0 1
2410.0 2
2420.0 1
2430.0 3
2440.0 1
2450.0 2
2460.0 2
2470.0 1
2480.0 2
2490.0 4
2500.0 1
2510.0 2
2520.0 1
2530.0 2
2540.0 1
2550.0 2
2560.0 3
2570.0 1
2580.0 2
2590.0 1
2600.0 2
2610.0 1
2620.0 2
2630.0 1
2640.0 4
2650.0 2
2660.0 1
2670.0 2
2680.0 1
2690.0 2
2700.0 1
2710.0 2
2720.0 1
2730.0 4
2740.0 1
2750.0 2
2760.0 1
2770.0 3
2780.0 2
2790.0 1
2800.0 2
2810.0 1
2820.0 2
2830.0 1
2840.0 2
2850.0 1
2860.0 2
2870.0 1
2880.0 3
2890.0 2
2900.0 1
2910.0 2
2920.0 1
2930.0 1
2940.0 2
2950.0 1
2960.0 4
2970.0 1
2980.0 2
2990.0 1
3000.0 2
3010.0 1
3020.0 2
3030.0 1
3040.0 1
3050.0 2
3060.0 1
3070.0 3
3080.0 1
3090.0 2
3100.0 1
3110.0 2
3120.0 1
3130.0 2
3140.0 1
3150.0 4
3160.0 2
3170.0 1
3180.0 1
3190.0 2
3200.0 1
3210.0 2
3220.0 1
3230.0 4
3240.0 1
3250.0 2
3260.0 1
3270.0 2
3280.0 1
3290.0 2
3300.0 1
3310.0 1
3320.0 2
3330.0 1
3340.0 2
3350.0 1
3360.0 1
3370.0 2
3380.0 1
3390.0 1
3400.0 2
3410.0 3
3420.0 2
3430.0 1
3440.0 1
3450.0 2
3460.0 1
3470.0 2
3480.0 1
3490.0 2
3500.0 4
3510.0 1
3520.0 2
3530.0 1
3540.0 2
3550.0 1
3560.0 2
3570.0 1
3580.0 2
3590.0 1
3600.0 4
3610.0 1
3620.0 2
3630.0 1
3640.0 2
3650.0 3
3660.0 1
3670.0 2
3680.0 1
3690.0 2
3700.0 3
3710.0 2
3720.0 1
3730.0 2
3740.0 4
3750.0 2
3760.0 1
3770.0 2
3780.0 1
3790.0 2
3800.0 2
3810.0 1
3820.0 2
3830.0 2
3840.0 1
3850.0 2
3860.0 1
3870.0 2
3880.0 2
3890.0 2
3900.0 3
3910.0 1
3920.0 2
3930.0 2
3940.0 4
3950.0 3
3960.0 2
3970.0 2
3980.0 2
3990.0 1