0.0 1
10.0 1
20.0 1
30.0 3
40.0 2
50.0 2
60.0 2
70.0 2
80.0 2
90.0 2
100.0 2
110.0 2
120.0 2
130.0 2
140.0 2
150.0 4
160.0 1
170.0 2
180.0 1
190.0 2
200.0 2
210.0 1
220.0 2
230.0 1
240.0 2
250.0 1
260.0 1
270.0 2
280.0 1
290.0 2
300.0 1
310.0 2
320.0 3
330.0 2
340.0 1
350.0 2
360.0 1
370.0 2
380.0 1
390.0 2
400.0 4
410.0 2
420.0 1
430.0 2
440.0 3
450.0 1
460.0 2
470.0 1
480.0 4
490.0 1
500.0 2
510.0 1
520.0 2
530.0 1
540.0 2
550.0 4
560.0 2
570.0 1
580.0 2
590.0 1
600.0 2
610.0 3
620.0 1
630.0 2
640.0 2
650.0 1
660.0 4
670.0 2
680.0 1
690.0 3
700.0 2
710.0 1
720.0 2
730.0 1
740.0 2
750.0 1
760.0 4
770.0 3
780.0 2
790.0 1
800.0 2
810.0 1
820.0 2
830.0 1
840.0 2
850.0 1
860.0 2
870.0 1
880.0 2
890.0 1
900.0 2
910.0 1
920.0 4
930.0 1
940.0 2
950.0 1
960.0 2
970.0 3
980.0 1
990.0 2
1000.0 1
1010.0 2
1020.0 1
1030.0 2
1040.0 1
1050.0 4
1060.0 1
1070.0 2
1080.0 1
1090.0 2
1100.0 1
1110.0 2
1120.0 1
1130.0 2
1140.0 1
1150.0 3
1160.0 1
1170.0 2
1180.0 1
1190.0 2
1200.0 1
1210.0 4
1220.0 1
1230.0 2
1240.0 1
1250.0 3
1260.0 1
1270.0 2
1280.0 1
1290.0 2
1300.0 1
1310.0 3
1320.0 2
1330.0 1
1340.0 1
1350.0 2
1360.0 1
1370.0 3
1380.0 2
1390.0 1
1400.0 4
1410.0 2
1420.0 1
1430.0 2
1440.0 1
1450.0 3
1460.0 2
1470.0 1
1480.0 1
1490.0 1
1500.0 1
1510.0 2
1520.0 1
1530.0 2
1540.0 1
1550.0 2
1560.0 3
1570.0 1
1580.0 2
1590.0 4
1600.0 1
1610.0 2
1620.0 1
1630.0 2
1640.0 1
1650.0 3
1660.0 1
1670.0 2
1680.0 1
1690.0 4
1700.0 1
1710.0 2
1720.0 1
1730.0 2
1740.0 1
1750.0 3
1760.0 2
1770.0 1
1780.0 2
1790.0 1
1800.0 1
1810.0 2
1820.0 1
1830.0 4
1840.0 2
1850.0 1
1860.0 1
1870.0 2
1880.0 3
1890.0 1
1900.0 2
1910.0 1
1920.0 2
1930.0 2
1940.0 1
1950.0 2
1960.0 2
1970.0 1
1980.0 3
1990.0 1
2000.0 2
2010.0 1
2020.0 2
2030.0 4
2040.0 2
2050.0 1
2060.0 2
2070.0 2
2080.0 1
2090.0 1
2100.0 2
2110.0 1
2120.0 4
2130.0 2
2140.0 1
2150.0 4
2160.0 2
2170.0 1
2180.0 3
2190.0 2
2200.0 1
2210.0 1
2220.0 2
2230.0 1
2240.0 1
2250.0 3
2260.0 2
2270.0 1
2280.0 1
2290.0 1
2300.0 1
2310.0 2
2320.0 3
2330.0 1
2340.0 2
2350.0 1
2360.0 2
2370.0 4
2380.0 2
2390.0 1
2400.0 2
2410.0 2
2420.0 1
2430.0 2
2440.0 1
2450.0 2
2460.0 1
2470.0 2
2480.0 1
2490.0 2
2500.0 1
2510.0 2
2520.0 1
2530.0 4
2540.0 2
2550.0 1
2560.0 2
2570.0 1
2580.0 1
2590.0 2
2600.0 1
2610.0 2
2620.0 1
2630.0 2
2640.0 1
2650.0 2
2660.0 4
2670.0 1
2680.0 2
2690.0 1
2700.0 2
2710.0 3
2720.0 1
2730.0 2
2740.0 1
2750.0 2
2760.0 1
2770.0 2
2780.0 1
2790.0 4
2800.0 2
2810.0 1
2820.0 2
2830.0 1
2840.0 3
2850.0 2
2860.0 1
2870.0 2
2880.0 1
2890.0 2
2900.0 1
2910.0 2
2920.0 1
2930.0 1
2940.0 2
2950.0 1
2960.0 2
2970.0 1
2980.0 2
2990.0 1
3000.0 3
3010.0 2
3020.0 1
3030.0 2
3040.0 1
3050.0 1
3060.0 2
3070.0 1
3080.0 2
3090.0 1
3100.0 2
3110.0 3
3120.0 1
3130.0 2
3140.0 1
3150.0 4
3160.0 2
3170.0 1
3180.0 2
3190.0 3
3200.0 1
3210.0 2
3220.0 1
3230.0 2
3240.0 1
3250.0 1
3260.0 2
3270.0 1
3280.0 2
3290.0 1
3300.0 2
3310.0 3
3320.0 1
3330.0 2
3340.0 1
3350.0 2
3360.0 1
3370.0 4
3380.0 1
3390.0 2
3400.0 1
3410.0 2
3420.0 3
3430.0 2
3440.0 1
3450.0 2
3460.0 1
3470.0 2
3480.0 1
3490.0 1
3500.0 2
3510.0 1
3520.0 1
3530.0 2
3540.0 1
3550.0 4
3560.0 2
3570.0 1
3580.0 3
3590.0 2
3600.0 1
3610.0 2
3620.0 1
3630.0 3
3640.0 1
3650.0 2
3660.0 1
3670.0 2
3680.0 1
3690.0 1
3700.0 2
3710.0 1
3720.0 3
3730.0 1
3740.0 2
3750.0 2
3760.0 1
3770.0 2
3780.0 1
3790.0 4
3800.0 2
3810.0 1
3820.0 3
3830.0 2
3840.0 1
3850.0 1
3860.0 2
3870.0 1
3880.0 1
3890.0 2
3900.0 3
3910.0 2
3920.0 3
3930.0 3
3940.0 2
3950.0 2
3960.0 1
3970.0 1
3980.0 3
3990.0 2