0.0 3
10.0 3
20.0 3
30.0 3
40.0 3
50.0 3
60.0 3
70.0 1
80.0 1
90.0 1
100.0 3
110.0 3
120.0 3
130.0 3
140.0 3
150.0 3
160.0 2
170.0 3
180.0 2
190.0 3
200.0 3
210.0 3
220.0 2
230.0 2
240.0 2
250.0 1
260.0 2
270.0 1
280.0 2
290.0 2
300.0 2
310.0 3
320.0 3
330.0 3
340.0 3
350.0 4
360.0 3
370.0 3
380.0 3
390.0 3
400.0 2
410.0 2
420.0 4
430.0 2
440.0 3
450.0 3
460.0 2
470.0 2
480.0 2
490.0 1
500.0 2
510.0 2
520.0 2
530.0 2
540.0 2
550.0 3
560.0 3
570.0 3
580.0 3
590.0 4
600.0 3
610.0 2
620.0 2
630.0 2
640.0 2
650.0 2
660.0 2
670.0 3
680.0 2
690.0 3
700.0 3
710.0 2
720.0 4
730.0 3
740.0 3
750.0 2
760.0 3
770.0 3
780.0 2
790.0 3
800.0 2
810.0 3
820.0 2
830.0 3
840.0 2
850.0 3
860.0 2
870.0 3
880.0 1
890.0 3
900.0 3
910.0 2
920.0 3
930.0 2
940.0 3
950.0 3
960.0 4
970.0 2
980.0 1
990.0 2
1000.0 4
1010.0 1
1020.0 3
1030.0 2
1040.0 3
1050.0 3
1060.0 2
1070.0 3
1080.0 2
1090.0 2
1100.0 2
1110.0 2
1120.0 3
1130.0 2
1140.0 4
1150.0 2
1160.0 2
1170.0 2
1180.0 2
1190.0 2
1200.0 2
1210.0 3
1220.0 3
1230.0 3
1240.0 2
1250.0 2
1260.0 4
1270.0 3
1280.0 2
1290.0 2
1300.0 3
1310.0 3
1320.0 2
1330.0 2
1340.0 3
1350.0 3
1360.0 4
1370.0 1
1380.0 1
1390.0 3
1400.0 1
1410.0 3
1420.0 4
1430.0 2
1440.0 1
1450.0 2
1460.0 2
1470.0 4
1480.0 3
1490.0 2
1500.0 2
1510.0 2
1520.0 4
1530.0 3
1540.0 2
1550.0 1
1560.0 2
1570.0 1
1580.0 1
1590.0 1
1600.0 2
1610.0 2
1620.0 2
1630.0 3
1640.0 3
1650.0 4
1660.0 2
1670.0 2
1680.0 2
1690.0 3
1700.0 3
1710.0 3
1720.0 2
1730.0 2
1740.0 2
1750.0 3
1760.0 3
1770.0 4
1780.0 3
1790.0 2
1800.0 2
1810.0 2
1820.0 2
1830.0 2
1840.0 1
1850.0 3
1860.0 2
1870.0 1
1880.0 3
1890.0 3
1900.0 2
1910.0 2
1920.0 4
1930.0 1
1940.0 1
1950.0 3
1960.0 4
1970.0 2
1980.0 3
1990.0 3
2000.0 3
2010.0 3
2020.0 2
2030.0 3
2040.0 2
2050.0 3
2060.0 2
2070.0 3
2080.0 3
2090.0 3
2100.0 2
2110.0 3
2120.0 4
2130.0 2
2140.0 2
2150.0 2
2160.0 4
2170.0 2
2180.0 2
2190.0 2
2200.0 1
2210.0 2
2220.0 2
2230.0 2
2240.0 3
2250.0 4
2260.0 3
2270.0 2
2280.0 2
2290.0 3
2300.0 3
2310.0 3
2320.0 3
2330.0 2
2340.0 2
2350.0 3
2360.0 3
2370.0 2
2380.0 3
2390.0 3
2400.0 2
2410.0 2
2420.0 3
2430.0 3
2440.0 3
2450.0 2
2460.0 2
2470.0 2
2480.0 2
2490.0 2
2500.0 1
2510.0 2
2520.0 2
2530.0 2
2540.0 2
2550.0 2
2560.0 2
2570.0 2
2580.0 4
2590.0 3
2600.0 2
2610.0 3
2620.0 4
2630.0 2
2640.0 2
2650.0 2
2660.0 2
2670.0 2
2680.0 2
2690.0 2
2700.0 2
2710.0 1
2720.0 1
2730.0 2
2740.0 3
2750.0 2
2760.0 2
2770.0 2
2780.0 2
2790.0 2
2800.0 2
2810.0 2
2820.0 3
2830.0 3
2840.0 2
2850.0 3
2860.0 1
2870.0 2
2880.0 2
2890.0 1
2900.0 2
2910.0 3
2920.0 3
2930.0 3
2940.0 4
2950.0 3
2960.0 3
2970.0 3
2980.0 2
2990.0 2
3000.0 2
3010.0 3
3020.0 2
3030.0 3
3040.0 3
3050.0 2
3060.0 3
3070.0 2
3080.0 2
3090.0 3
3100.0 3
3110.0 2
3120.0 3
3130.0 2
3140.0 3
3150.0 3
3160.0 2
3170.0 2
3180.0 2
3190.0 2
3200.0 2
3210.0 2
3220.0 2
3230.0 2
3240.0 2
3250.0 3
3260.0 3
3270.0 3
3280.0 1
3290.0 4
3300.0 2
3310.0 4
3320.0 1
3330.0 2
3340.0 3
3350.0 3
3360.0 2
3370.0 3
3380.0 3
3390.0 2
3400.0 3
3410.0 2
3420.0 4
3430.0 1
3440.0 1
3450.0 1
3460.0 2
3470.0 2
3480.0 3
3490.0 2
3500.0 2
3510.0 2
3520.0 2
3530.0 4
3540.0 2
3550.0 2
3560.0 2
3570.0 4
3580.0 3
3590.0 2
3600.0 2
3610.0 2
3620.0 1
3630.0 1
3640.0 2
3650.0 2
3660.0 2
3670.0 2
3680.0 1
3690.0 1
3700.0 1
3710.0 2
3720.0 4
3730.0 4
3740.0 4
3750.0 3
3760.0 3
3770.0 3
3780.0 4
3790.0 3
3800.0 3
3810.0 4
3820.0 4
3830.0 4
3840.0 4
3850.0 4
3860.0 4
3870.0 4
3880.0 4
3890.0 4
3900.0 4
3910.0 4
3920.0 4
3930.0 4
3940.0 4
3950.0 4
3960.0 4
3970.0 4
3980.0 4
3990.0 4