0.0 2
10.0 2
20.0 3
30.0 3
40.0 3
50.0 3
60.0 3
70.0 3
80.0 3
90.0 3
100.0 3
110.0 3
120.0 2
130.0 3
140.0 2
150.0 2
160.0 1
170.0 2
180.0 3
190.0 2
200.0 3
210.0 2
220.0 3
230.0 2
240.0 3
250.0 2
260.0 3
270.0 2
280.0 2
290.0 2
300.0 2
310.0 2
320.0 2
330.0 3
340.0 2
350.0 2
360.0 3
370.0 2
380.0 2
390.0 2
400.0 2
410.0 2
420.0 2
430.0 2
440.0 2
450.0 3
460.0 2
470.0 2
480.0 2
490.0 3
500.0 2
510.0 2
520.0 2
530.0 2
540.0 3
550.0 2
560.0 2
570.0 2
580.0 2
590.0 3
600.0 2
610.0 2
620.0 2
630.0 1
640.0 2
650.0 3
660.0 2
670.0 2
680.0 2
690.0 2
700.0 2
710.0 2
720.0 2
730.0 2
740.0 2
750.0 3
760.0 2
770.0 1
780.0 2
790.0 3
800.0 2
810.0 2
820.0 3
830.0 2
840.0 1
850.0 2
860.0 2
870.0 2
880.0 3
890.0 2
900.0 1
910.0 2
920.0 2
930.0 2
940.0 2
950.0 2
960.0 1
970.0 3
980.0 2
990.0 1
1000.0 2
1010.0 3
1020.0 2
1030.0 2
1040.0 2
1050.0 2
1060.0 3
1070.0 2
1080.0 2
1090.0 2
1100.0 3
1110.0 2
1120.0 2
1130.0 2
1140.0 2
1150.0 2
1160.0 2
1170.0 2
1180.0 2
1190.0 2
1200.0 2
1210.0 2
1220.0 3
1230.0 2
1240.0 3
1250.0 2
1260.0 3
1270.0 2
1280.0 2
1290.0 3
1300.0 2
1310.0 2
1320.0 3
1330.0 2
1340.0 1
1350.0 2
1360.0 2
1370.0 2
1380.0 2
1390.0 2
1400.0 2
1410.0 2
1420.0 2
1430.0 1
1440.0 2
1450.0 2
1460.0 1
1470.0 3
1480.0 2
1490.0 3
1500.0 2
1510.0 2
1520.0 3
1530.0 2
1540.0 2
1550.0 2
1560.0 2
1570.0 2
1580.0 1
1590.0 2
1600.0 2
1610.0 2
1620.0 3
1630.0 2
1640.0 2
1650.0 2
1660.0 3
1670.0 2
1680.0 2
1690.0 2
1700.0 2
1710.0 3
1720.0 2
1730.0 2
1740.0 3
1750.0 2
1760.0 1
1770.0 3
1780.0 2
1790.0 2
1800.0 2
1810.0 2
1820.0 2
1830.0 2
1840.0 2
1850.0 2
1860.0 3
1870.0 2
1880.0 3
1890.0 1
1900.0 2
1910.0 2
1920.0 2
1930.0 2
1940.0 2
1950.0 2
1960.0 2
1970.0 2
1980.0 3
1990.0 3
2000.0 2
2010.0 3
2020.0 2
2030.0 2
2040.0 2
2050.0 1
2060.0 2
2070.0 1
2080.0 3
2090.0 2
2100.0 3
2110.0 2
2120.0 3
2130.0 2
2140.0 2
2150.0 2
2160.0 2
2170.0 2
2180.0 1
2190.0 2
2200.0 2
2210.0 2
2220.0 2
2230.0 1
2240.0 2
2250.0 2
2260.0 3
2270.0 2
2280.0 3
2290.0 2
2300.0 1
2310.0 2
2320.0 3
2330.0 2
2340.0 3
2350.0 2
2360.0 2
2370.0 2
2380.0 1
2390.0 2
2400.0 2
2410.0 3
2420.0 2
2430.0 2
2440.0 2
2450.0 2
2460.0 2
2470.0 2
2480.0 3
2490.0 2
2500.0 2
2510.0 1
2520.0 2
2530.0 2
2540.0 1
2550.0 2
2560.0 3
2570.0 2
2580.0 2
2590.0 2
2600.0 2
2610.0 2
2620.0 3
2630.0 2
2640.0 2
2650.0 2
2660.0 2
2670.0 2
2680.0 3
2690.0 2
2700.0 2
2710.0 3
2720.0 2
2730.0 2
2740.0 2
2750.0 2
2760.0 3
2770.0 2
2780.0 2
2790.0 2
2800.0 2
2810.0 2
2820.0 2
2830.0 2
2840.0 2
2850.0 2
2860.0 2
2870.0 2
2880.0 2
2890.0 3
2900.0 2
2910.0 2
2920.0 2
2930.0 3
2940.0 2
2950.0 2
2960.0 2
2970.0 3
2980.0 2
2990.0 1
3000.0 2
3010.0 1
3020.0 3
3030.0 2
3040.0 2
3050.0 1
3060.0 2
3070.0 2
3080.0 2
3090.0 1
3100.0 2
3110.0 2
3120.0 3
3130.0 2
3140.0 2
3150.0 3
3160.0 2
3170.0 2
3180.0 1
3190.0 2
3200.0 2
3210.0 2
3220.0 2
3230.0 2
3240.0 2
3250.0 2
3260.0 3
3270.0 2
3280.0 2
3290.0 2
3300.0 2
3310.0 2
3320.0 2
3330.0 2
3340.0 3
3350.0 1
3360.0 2
3370.0 2
3380.0 2
3390.0 2
3400.0 2
3410.0 3
3420.0 2
3430.0 2
3440.0 2
3450.0 2
3460.0 2
3470.0 1
3480.0 2
3490.0 2
3500.0 2
3510.0 1
3520.0 2
3530.0 2
3540.0 3
3550.0 2
3560.0 2
3570.0 2
3580.0 2
3590.0 4
3600.0 2
3610.0 2
3620.0 2
3630.0 3
3640.0 2
3650.0 2
3660.0 3
3670.0 2
3680.0 3
3690.0 2
3700.0 2
3710.0 2
3720.0 4
3730.0 4
3740.0 3
3750.0 3
3760.0 3
3770.0 3
3780.0 3
3790.0 3
3800.0 3
3810.0 3
3820.0 3
3830.0 3
3840.0 3
3850.0 3
3860.0 3
3870.0 3
3880.0 3
3890.0 3
3900.0 3
3910.0 3
3920.0 3
3930.0 3
3940.0 3
3950.0 3
3960.0 3
3970.0 3
3980.0 3
3990.0 3