0.0 1
10.0 3
20.0 3
30.0 3
40.0 3
50.0 3
60.0 2
70.0 1
80.0 2
90.0 3
100.0 3
110.0 3
120.0 3
130.0 3
140.0 2
150.0 3
160.0 3
170.0 3
180.0 3
190.0 3
200.0 3
210.0 3
220.0 3
230.0 3
240.0 3
250.0 3
260.0 3
270.0 3
280.0 3
290.0 3
300.0 3
310.0 3
320.0 2
330.0 3
340.0 3
350.0 3
360.0 2
370.0 2
380.0 3
390.0 3
400.0 3
410.0 3
420.0 3
430.0 2
440.0 3
450.0 3
460.0 3
470.0 3
480.0 3
490.0 3
500.0 3
510.0 3
520.0 3
530.0 3
540.0 3
550.0 3
560.0 3
570.0 2
580.0 3
590.0 3
600.0 3
610.0 3
620.0 3
630.0 3
640.0 3
650.0 3
660.0 3
670.0 2
680.0 3
690.0 3
700.0 3
710.0 3
720.0 3
730.0 2
740.0 3
750.0 3
760.0 3
770.0 3
780.0 3
790.0 3
800.0 3
810.0 3
820.0 3
830.0 3
840.0 3
850.0 2
860.0 3
870.0 3
880.0 3
890.0 3
900.0 3
910.0 2
920.0 2
930.0 3
940.0 3
950.0 3
960.0 3
970.0 2
980.0 2
990.0 3
1000.0 2
1010.0 3
1020.0 3
1030.0 3
1040.0 3
1050.0 3
1060.0 3
1070.0 3
1080.0 3
1090.0 2
1100.0 3
1110.0 3
1120.0 3
1130.0 3
1140.0 3
1150.0 3
1160.0 3
1170.0 3
1180.0 3
1190.0 3
1200.0 3
1210.0 2
1220.0 3
1230.0 3
1240.0 3
1250.0 3
1260.0 3
1270.0 3
1280.0 3
1290.0 3
1300.0 3
1310.0 3
1320.0 3
1330.0 3
1340.0 3
1350.0 3
1360.0 3
1370.0 3
1380.0 3
1390.0 3
1400.0 3
1410.0 3
1420.0 3
1430.0 2
1440.0 3
1450.0 3
1460.0 3
1470.0 3
1480.0 3
1490.0 3
1500.0 3
1510.0 2
1520.0 3
1530.0 2
1540.0 3
1550.0 2
1560.0 3
1570.0 2
1580.0 3
1590.0 2
1600.0 3
1610.0 3
1620.0 3
1630.0 3
1640.0 3
1650.0 3
1660.0 2
1670.0 2
1680.0 3
1690.0 3
1700.0 3
1710.0 3
1720.0 3
1730.0 3
1740.0 3
1750.0 2
1760.0 3
1770.0 3
1780.0 3
1790.0 3
1800.0 3
1810.0 2
1820.0 3
1830.0 3
1840.0 3
1850.0 3
1860.0 3
1870.0 3
1880.0 3
1890.0 3
1900.0 3
1910.0 3
1920.0 3
1930.0 3
1940.0 3
1950.0 3
1960.0 3
1970.0 3
1980.0 3
1990.0 3
2000.0 3
2010.0 3
2020.0 3
2030.0 3
2040.0 3
2050.0 3
2060.0 3
2070.0 3
2080.0 3
2090.0 3
2100.0 3
2110.0 3
2120.0 3
2130.0 3
2140.0 3
2150.0 3
2160.0 3
2170.0 3
2180.0 3
2190.0 3
2200.0 3
2210.0 3
2220.0 3
2230.0 2
2240.0 3
2250.0 3
2260.0 3
2270.0 3
2280.0 3
2290.0 2
2300.0 3
2310.0 3
2320.0 3
2330.0 3
2340.0 3
2350.0 3
2360.0 3
2370.0 3
2380.0 3
2390.0 3
2400.0 3
2410.0 3
2420.0 3
2430.0 3
2440.0 3
2450.0 3
2460.0 2
2470.0 2
2480.0 3
2490.0 2
2500.0 2
2510.0 3
2520.0 3
2530.0 2
2540.0 3
2550.0 3
2560.0 3
2570.0 3
2580.0 3
2590.0 3
2600.0 3
2610.0 3
2620.0 2
2630.0 3
2640.0 3
2650.0 2
2660.0 3
2670.0 3
2680.0 2
2690.0 3
2700.0 2
2710.0 3
2720.0 3
2730.0 3
2740.0 3
2750.0 3
2760.0 3
2770.0 2
2780.0 3
2790.0 3
2800.0 3
2810.0 3
2820.0 3
2830.0 3
2840.0 2
2850.0 3
2860.0 3
2870.0 3
2880.0 2
2890.0 3
2900.0 3
2910.0 2
2920.0 3
2930.0 3
2940.0 3
2950.0 3
2960.0 3
2970.0 3
2980.0 3
2990.0 2
3000.0 3
3010.0 3
3020.0 3
3030.0 3
3040.0 3
3050.0 3
3060.0 2
3070.0 3
3080.0 3
3090.0 2
3100.0 2
3110.0 3
3120.0 3
3130.0 2
3140.0 3
3150.0 3
3160.0 3
3170.0 3
3180.0 2
3190.0 3
3200.0 3
3210.0 2
3220.0 2
3230.0 3
3240.0 2
3250.0 2
3260.0 3
3270.0 3
3280.0 3
3290.0 3
3300.0 3
3310.0 3
3320.0 3
3330.0 3
3340.0 3
3350.0 3
3360.0 3
3370.0 3
3380.0 3
3390.0 3
3400.0 3
3410.0 3
3420.0 3
3430.0 3
3440.0 3
3450.0 3
3460.0 3
3470.0 3
3480.0 3
3490.0 3
3500.0 3
3510.0 2
3520.0 3
3530.0 3
3540.0 3
3550.0 3
3560.0 3
3570.0 3
3580.0 3
3590.0 3
3600.0 3
3610.0 3
3620.0 3
3630.0 3
3640.0 3
3650.0 3
3660.0 3
3670.0 3
3680.0 3
3690.0 3
3700.0 3
3710.0 3
3720.0 3
3730.0 3
3740.0 3
3750.0 2
3760.0 3
3770.0 1
3780.0 2
3790.0 2
3800.0 2
3810.0 2
3820.0 2
3830.0 2
3840.0 2
3850.0 2
3860.0 2
3870.0 2
3880.0 2
3890.0 2
3900.0 2
3910.0 2
3920.0 2
3930.0 2
3940.0 2
3950.0 2
3960.0 2
3970.0 2
3980.0 2
3990.0 2