0.0 3
10.0 3
20.0 3
30.0 3
40.0 2
50.0 4
60.0 3
70.0 3
80.0 3
90.0 2
100.0 1
110.0 1
120.0 3
130.0 3
140.0 3
150.0 3
160.0 1
170.0 3
180.0 3
190.0 2
200.0 3
210.0 3
220.0 3
230.0 3
240.0 1
250.0 2
260.0 3
270.0 3
280.0 3
290.0 3
300.0 3
310.0 1
320.0 1
330.0 1
340.0 2
350.0 3
360.0 2
370.0 3
380.0 1
390.0 3
400.0 2
410.0 3
420.0 4
430.0 4
440.0 3
450.0 3
460.0 1
470.0 3
480.0 3
490.0 3
500.0 1
510.0 3
520.0 3
530.0 2
540.0 3
550.0 3
560.0 3
570.0 3
580.0 3
590.0 1
600.0 2
610.0 3
620.0 1
630.0 1
640.0 1
650.0 3
660.0 3
670.0 1
680.0 3
690.0 3
700.0 3
710.0 3
720.0 1
730.0 3
740.0 3
750.0 3
760.0 3
770.0 1
780.0 1
790.0 2
800.0 3
810.0 1
820.0 1
830.0 1
840.0 1
850.0 1
860.0 1
870.0 1
880.0 2
890.0 1
900.0 1
910.0 1
920.0 3
930.0 3
940.0 1
950.0 3
960.0 3
970.0 3
980.0 4
990.0 1
1000.0 1
1010.0 3
1020.0 3
1030.0 3
1040.0 3
1050.0 3
1060.0 1
1070.0 2
1080.0 1
1090.0 3
1100.0 1
1110.0 1
1120.0 2
1130.0 1
1140.0 1
1150.0 3
1160.0 1
1170.0 2
1180.0 1
1190.0 2
1200.0 3
1210.0 3
1220.0 2
1230.0 3
1240.0 3
1250.0 3
1260.0 3
1270.0 3
1280.0 3
1290.0 3
1300.0 1
1310.0 1
1320.0 1
1330.0 1
1340.0 3
1350.0 3
1360.0 3
1370.0 3
1380.0 2
1390.0 3
1400.0 3
1410.0 1
1420.0 3
1430.0 1
1440.0 2
1450.0 3
1460.0 2
1470.0 3
1480.0 3
1490.0 2
1500.0 1
1510.0 3
1520.0 1
1530.0 3
1540.0 1
1550.0 1
1560.0 3
1570.0 1
1580.0 1
1590.0 2
1600.0 1
1610.0 1
1620.0 4
1630.0 2
1640.0 2
1650.0 3
1660.0 2
1670.0 2
1680.0 3
1690.0 2
1700.0 3
1710.0 3
1720.0 3
1730.0 3
1740.0 3
1750.0 2
1760.0 3
1770.0 3
1780.0 3
1790.0 3
1800.0 3
1810.0 3
1820.0 2
1830.0 3
1840.0 2
1850.0 3
1860.0 3
1870.0 3
1880.0 3
1890.0 2
1900.0 3
1910.0 3
1920.0 3
1930.0 3
1940.0 3
1950.0 3
1960.0 2
1970.0 4
1980.0 3
1990.0 3
2000.0 3
2010.0 3
2020.0 3
2030.0 3
2040.0 2
2050.0 3
2060.0 3
2070.0 3
2080.0 3
2090.0 3
2100.0 3
2110.0 3
2120.0 3
2130.0 3
2140.0 1
2150.0 2
2160.0 1
2170.0 3
2180.0 2
2190.0 3
2200.0 3
2210.0 3
2220.0 2
2230.0 2
2240.0 3
2250.0 2
2260.0 3
2270.0 3
2280.0 3
2290.0 2
2300.0 3
2310.0 3
2320.0 3
2330.0 1
2340.0 1
2350.0 3
2360.0 1
2370.0 4
2380.0 1
2390.0 2
2400.0 2
2410.0 1
2420.0 1
2430.0 1
2440.0 2
2450.0 1
2460.0 2
2470.0 3
2480.0 3
2490.0 2
2500.0 2
2510.0 3
2520.0 2
2530.0 3
2540.0 2
2550.0 3
2560.0 2
2570.0 3
2580.0 3
2590.0 1
2600.0 1
2610.0 4
2620.0 4
2630.0 3
2640.0 4
2650.0 3
2660.0 3
2670.0 4
2680.0 2
2690.0 3
2700.0 3
2710.0 3
2720.0 2
2730.0 3
2740.0 3
2750.0 2
2760.0 3
2770.0 4
2780.0 3
2790.0 1
2800.0 2
2810.0 3
2820.0 3
2830.0 3
2840.0 1
2850.0 3
2860.0 1
2870.0 3
2880.0 2
2890.0 3
2900.0 3
2910.0 3
2920.0 2
2930.0 2
2940.0 3
2950.0 1
2960.0 3
2970.0 3
2980.0 2
2990.0 4
3000.0 3
3010.0 1
3020.0 3
3030.0 3
3040.0 2
3050.0 3
3060.0 3
3070.0 3
3080.0 3
3090.0 2
3100.0 3
3110.0 2
3120.0 3
3130.0 3
3140.0 2
3150.0 3
3160.0 2
3170.0 1
3180.0 2
3190.0 2
3200.0 1
3210.0 3
3220.0 3
3230.0 2
3240.0 3
3250.0 2
3260.0 2
3270.0 3
3280.0 2
3290.0 3
3300.0 2
3310.0 3
3320.0 3
3330.0 3
3340.0 2
3350.0 3
3360.0 1
3370.0 2
3380.0 1
3390.0 3
3400.0 3
3410.0 1
3420.0 1
3430.0 1
3440.0 1
3450.0 1
3460.0 3
3470.0 2
3480.0 1
3490.0 2
3500.0 2
3510.0 3
3520.0 3
3530.0 3
3540.0 3
3550.0 3
3560.0 3
3570.0 3
3580.0 3
3590.0 2
3600.0 1
3610.0 3
3620.0 3
3630.0 1
3640.0 1
3650.0 1
3660.0 3
3670.0 3
3680.0 3
3690.0 3
3700.0 1
3710.0 3
3720.0 3
3730.0 4
3740.0 3
3750.0 3
3760.0 4
3770.0 3
3780.0 4
3790.0 4
3800.0 4
3810.0 4
3820.0 4
3830.0 4
3840.0 4
3850.0 4
3860.0 4
3870.0 4
3880.0 4
3890.0 4
3900.0 4
3910.0 4
3920.0 4
3930.0 4
3940.0 4
3950.0 4
3960.0 4
3970.0 4
3980.0 4
3990.0 4