0.0 3
10.0 3
20.0 3
30.0 3
40.0 2
50.0 2
60.0 2
70.0 1
80.0 2
90.0 2
100.0 1
110.0 1
120.0 2
130.0 3
140.0 2
150.0 3
160.0 2
170.0 1
180.0 2
190.0 1
200.0 2
210.0 2
220.0 2
230.0 3
240.0 1
250.0 2
260.0 1
270.0 2
280.0 3
290.0 2
300.0 3
310.0 2
320.0 3
330.0 2
340.0 3
350.0 2
360.0 3
370.0 2
380.0 3
390.0 2
400.0 3
410.0 2
420.0 2
430.0 2
440.0 2
450.0 2
460.0 3
470.0 2
480.0 3
490.0 1
500.0 3
510.0 3
520.0 2
530.0 3
540.0 2
550.0 3
560.0 2
570.0 2
580.0 2
590.0 2
600.0 2
610.0 1
620.0 2
630.0 2
640.0 1
650.0 2
660.0 1
670.0 3
680.0 2
690.0 1
700.0 2
710.0 2
720.0 1
730.0 3
740.0 2
750.0 2
760.0 2
770.0 3
780.0 2
790.0 3
800.0 1
810.0 3
820.0 2
830.0 2
840.0 1
850.0 1
860.0 2
870.0 2
880.0 2
890.0 3
900.0 2
910.0 3
920.0 2
930.0 2
940.0 3
950.0 2
960.0 3
970.0 2
980.0 2
990.0 2
1000.0 2
1010.0 1
1020.0 2
1030.0 3
1040.0 2
1050.0 2
1060.0 2
1070.0 2
1080.0 2
1090.0 2
1100.0 2
1110.0 2
1120.0 2
1130.0 3
1140.0 2
1150.0 2
1160.0 3
1170.0 2
1180.0 2
1190.0 3
1200.0 2
1210.0 3
1220.0 2
1230.0 1
1240.0 2
1250.0 1
1260.0 2
1270.0 3
1280.0 2
1290.0 2
1300.0 2
1310.0 3
1320.0 2
1330.0 2
1340.0 2
1350.0 2
1360.0 2
1370.0 3
1380.0 2
1390.0 1
1400.0 3
1410.0 2
1420.0 2
1430.0 2
1440.0 1
1450.0 2
1460.0 2
1470.0 3
1480.0 2
1490.0 1
1500.0 2
1510.0 2
1520.0 2
1530.0 1
1540.0 2
1550.0 2
1560.0 1
1570.0 2
1580.0 2
1590.0 1
1600.0 1
1610.0 3
1620.0 2
1630.0 1
1640.0 2
1650.0 2
1660.0 2
1670.0 3
1680.0 2
1690.0 2
1700.0 2
1710.0 1
1720.0 3
1730.0 2
1740.0 3
1750.0 2
1760.0 2
1770.0 2
1780.0 1
1790.0 2
1800.0 1
1810.0 2
1820.0 2
1830.0 2
1840.0 2
1850.0 2
1860.0 2
1870.0 3
1880.0 3
1890.0 2
1900.0 2
1910.0 3
1920.0 2
1930.0 1
1940.0 2
1950.0 3
1960.0 2
1970.0 2
1980.0 3
1990.0 3
2000.0 2
2010.0 2
2020.0 3
2030.0 2
2040.0 2
2050.0 2
2060.0 2
2070.0 3
2080.0 2
2090.0 3
2100.0 3
2110.0 2
2120.0 3
2130.0 2
2140.0 1
2150.0 3
2160.0 2
2170.0 3
2180.0 2
2190.0 2
2200.0 2
2210.0 1
2220.0 2
2230.0 3
2240.0 1
2250.0 2
2260.0 1
2270.0 2
2280.0 2
2290.0 2
2300.0 3
2310.0 2
2320.0 3
2330.0 2
2340.0 2
2350.0 1
2360.0 3
2370.0 2
2380.0 1
2390.0 2
2400.0 2
2410.0 3
2420.0 2
2430.0 2
2440.0 2
2450.0 1
2460.0 2
2470.0 3
2480.0 2
2490.0 3
2500.0 2
2510.0 3
2520.0 2
2530.0 2
2540.0 3
2550.0 2
2560.0 1
2570.0 2
2580.0 1
2590.0 2
2600.0 2
2610.0 1
2620.0 2
2630.0 2
2640.0 1
2650.0 2
2660.0 3
2670.0 3
2680.0 3
2690.0 2
2700.0 3
2710.0 1
2720.0 2
2730.0 2
2740.0 3
2750.0 2
2760.0 2
2770.0 3
2780.0 2
2790.0 2
2800.0 2
2810.0 2
2820.0 3
2830.0 2
2840.0 2
2850.0 2
2860.0 2
2870.0 2
2880.0 2
2890.0 2
2900.0 2
2910.0 2
2920.0 3
2930.0 2
2940.0 2
2950.0 2
2960.0 2
2970.0 2
2980.0 2
2990.0 2
3000.0 2
3010.0 2
3020.0 2
3030.0 2
3040.0 3
3050.0 2
3060.0 1
3070.0 2
3080.0 1
3090.0 2
3100.0 1
3110.0 3
3120.0 2
3130.0 2
3140.0 2
3150.0 2
3160.0 3
3170.0 2
3180.0 1
3190.0 3
3200.0 2
3210.0 2
3220.0 2
3230.0 3
3240.0 1
3250.0 1
3260.0 2
3270.0 2
3280.0 2
3290.0 1
3300.0 2
3310.0 3
3320.0 2
3330.0 3
3340.0 2
3350.0 2
3360.0 3
3370.0 3
3380.0 3
3390.0 2
3400.0 2
3410.0 2
3420.0 2
3430.0 2
3440.0 1
3450.0 2
3460.0 2
3470.0 3
3480.0 2
3490.0 1
3500.0 3
3510.0 3
3520.0 2
3530.0 2
3540.0 3
3550.0 2
3560.0 3
3570.0 1
3580.0 3
3590.0 2
3600.0 3
3610.0 2
3620.0 2
3630.0 3
3640.0 2
3650.0 3
3660.0 2
3670.0 1
3680.0 1
3690.0 3
3700.0 1
3710.0 1
3720.0 1
3730.0 3
3740.0 3
3750.0 3
3760.0 3
3770.0 3
3780.0 2
3790.0 3
3800.0 2
3810.0 2
3820.0 3
3830.0 3
3840.0 2
3850.0 2
3860.0 3
3870.0 3
3880.0 2
3890.0 2
3900.0 3
3910.0 3
3920.0 2
3930.0 2
3940.0 3
3950.0 3
3960.0 2
3970.0 2
3980.0 3
3990.0 3