0.0 2
10.0 4
20.0 4
30.0 1
40.0 4
50.0 4
60.0 2
70.0 4
80.0 2
90.0 4
100.0 4
110.0 4
120.0 4
130.0 4
140.0 4
150.0 4
160.0 4
170.0 4
180.0 4
190.0 4
200.0 4
210.0 4
220.0 4
230.0 4
240.0 2
250.0 4
260.0 2
270.0 4
280.0 4
290.0 2
300.0 2
310.0 2
320.0 4
330.0 4
340.0 2
350.0 2
360.0 4
370.0 4
380.0 4
390.0 2
400.0 4
410.0 4
420.0 4
430.0 4
440.0 4
450.0 4
460.0 4
470.0 4
480.0 4
490.0 4
500.0 4
510.0 4
520.0 2
530.0 4
540.0 2
550.0 4
560.0 4
570.0 4
580.0 4
590.0 2
600.0 4
610.0 4
620.0 4
630.0 2
640.0 4
650.0 2
660.0 4
670.0 4
680.0 2
690.0 4
700.0 4
710.0 4
720.0 3
730.0 4
740.0 2
750.0 2
760.0 2
770.0 4
780.0 4
790.0 4
800.0 2
810.0 4
820.0 2
830.0 4
840.0 2
850.0 4
860.0 4
870.0 2
880.0 2
890.0 4
900.0 4
910.0 4
920.0 4
930.0 4
940.0 4
950.0 4
960.0 2
970.0 4
980.0 4
990.0 4
1000.0 4
1010.0 4
1020.0 4
1030.0 4
1040.0 2
1050.0 2
1060.0 2
1070.0 2
1080.0 2
1090.0 4
1100.0 4
1110.0 4
1120.0 4
1130.0 4
1140.0 4
1150.0 4
1160.0 4
1170.0 4
1180.0 2
1190.0 4
1200.0 2
1210.0 4
1220.0 2
1230.0 4
1240.0 4
1250.0 2
1260.0 2
1270.0 4
1280.0 4
1290.0 4
1300.0 4
1310.0 4
1320.0 2
1330.0 4
1340.0 2
1350.0 2
1360.0 4
1370.0 4
1380.0 4
1390.0 4
1400.0 4
1410.0 4
1420.0 4
1430.0 4
1440.0 4
1450.0 4
1460.0 2
1470.0 4
1480.0 2
1490.0 4
1500.0 2
1510.0 4
1520.0 4
1530.0 2
1540.0 2
1550.0 4
1560.0 2
1570.0 4
1580.0 4
1590.0 2
1600.0 4
1610.0 2
1620.0 4
1630.0 4
1640.0 4
1650.0 3
1660.0 4
1670.0 2
1680.0 3
1690.0 4
1700.0 4
1710.0 4
1720.0 4
1730.0 2
1740.0 2
1750.0 4
1760.0 4
1770.0 2
1780.0 4
1790.0 4
1800.0 2
1810.0 4
1820.0 4
1830.0 2
1840.0 2
1850.0 4
1860.0 4
1870.0 4
1880.0 2
1890.0 4
1900.0 2
1910.0 4
1920.0 4
1930.0 2
1940.0 4
1950.0 2
1960.0 2
1970.0 2
1980.0 4
1990.0 4
2000.0 2
2010.0 4
2020.0 2
2030.0 4
2040.0 2
2050.0 4
2060.0 2
2070.0 4
2080.0 4
2090.0 2
2100.0 2
2110.0 2
2120.0 4
2130.0 2
2140.0 2
2150.0 4
2160.0 4
2170.0 4
2180.0 2
2190.0 2
2200.0 4
2210.0 2
2220.0 4
2230.0 4
2240.0 4
2250.0 2
2260.0 4
2270.0 4
2280.0 2
2290.0 4
2300.0 2
2310.0 4
2320.0 2
2330.0 2
2340.0 2
2350.0 4
2360.0 4
2370.0 2
2380.0 2
2390.0 4
2400.0 4
2410.0 2
2420.0 4
2430.0 4
2440.0 2
2450.0 4
2460.0 4
2470.0 4
2480.0 2
2490.0 2
2500.0 2
2510.0 4
2520.0 4
2530.0 4
2540.0 2
2550.0 2
2560.0 2
2570.0 2
2580.0 2
2590.0 4
2600.0 4
2610.0 4
2620.0 2
2630.0 2
2640.0 4
2650.0 4
2660.0 2
2670.0 4
2680.0 2
2690.0 4
2700.0 4
2710.0 2
2720.0 4
2730.0 4
2740.0 2
2750.0 4
2760.0 2
2770.0 4
2780.0 4
2790.0 4
2800.0 4
2810.0 4
2820.0 2
2830.0 2
2840.0 4
2850.0 4
2860.0 2
2870.0 4
2880.0 2
2890.0 4
2900.0 4
2910.0 4
2920.0 4
2930.0 4
2940.0 4
2950.0 4
2960.0 2
2970.0 4
2980.0 2
2990.0 4
3000.0 2
3010.0 4
3020.0 2
3030.0 4
3040.0 4
3050.0 4
3060.0 2
3070.0 4
3080.0 2
3090.0 2
3100.0 2
3110.0 2
3120.0 4
3130.0 4
3140.0 4
3150.0 2
3160.0 4
3170.0 2
3180.0 2
3190.0 4
3200.0 4
3210.0 4
3220.0 4
3230.0 4
3240.0 2
3250.0 4
3260.0 4
3270.0 2
3280.0 4
3290.0 4
3300.0 2
3310.0 4
3320.0 4
3330.0 4
3340.0 4
3350.0 4
3360.0 4
3370.0 4
3380.0 2
3390.0 2
3400.0 2
3410.0 4
3420.0 4
3430.0 4
3440.0 2
3450.0 4
3460.0 2
3470.0 2
3480.0 4
3490.0 4
3500.0 2
3510.0 2
3520.0 4
3530.0 2
3540.0 2
3550.0 4
3560.0 2
3570.0 2
3580.0 4
3590.0 4
3600.0 3
3610.0 2
3620.0 3
3630.0 4
3640.0 2
3650.0 2
3660.0 2
3670.0 4
3680.0 2
3690.0 2
3700.0 2
3710.0 2
3720.0 3
3730.0 4
3740.0 2
3750.0 3
3760.0 1
3770.0 3
3780.0 3
3790.0 2
3800.0 3
3810.0 1
3820.0 3
3830.0 3
3840.0 1
3850.0 3
3860.0 3
3870.0 1
3880.0 3
3890.0 3
3900.0 1
3910.0 3
3920.0 3
3930.0 1
3940.0 3
3950.0 3
3960.0 1
3970.0 3
3980.0 3
3990.0 1