0.0 4
10.0 4
20.0 1
30.0 1
40.0 1
50.0 1
60.0 1
70.0 1
80.0 1
90.0 2
100.0 1
110.0 1
120.0 1
130.0 2
140.0 1
150.0 2
160.0 1
170.0 4
180.0 4
190.0 4
200.0 1
210.0 4
220.0 4
230.0 2
240.0 4
250.0 2
260.0 1
270.0 4
280.0 1
290.0 3
300.0 4
310.0 2
320.0 2
330.0 1
340.0 4
350.0 4
360.0 1
370.0 4
380.0 2
390.0 4
400.0 4
410.0 4
420.0 4
430.0 1
440.0 2
450.0 4
460.0 4
470.0 4
480.0 2
490.0 4
500.0 1
510.0 1
520.0 4
530.0 2
540.0 4
550.0 2
560.0 1
570.0 1
580.0 4
590.0 2
600.0 1
610.0 4
620.0 1
630.0 4
640.0 1
650.0 4
660.0 2
670.0 1
680.0 4
690.0 4
700.0 4
710.0 1
720.0 4
730.0 2
740.0 1
750.0 1
760.0 4
770.0 4
780.0 4
790.0 2
800.0 1
810.0 2
820.0 4
830.0 4
840.0 4
850.0 2
860.0 4
870.0 4
880.0 1
890.0 4
900.0 2
910.0 1
920.0 4
930.0 4
940.0 2
950.0 4
960.0 3
970.0 4
980.0 3
990.0 2
1000.0 4
1010.0 4
1020.0 1
1030.0 4
1040.0 4
1050.0 3
1060.0 4
1070.0 1
1080.0 4
1090.0 4
1100.0 4
1110.0 2
1120.0 4
1130.0 2
1140.0 4
1150.0 2
1160.0 1
1170.0 2
1180.0 2
1190.0 1
1200.0 4
1210.0 4
1220.0 4
1230.0 1
1240.0 1
1250.0 4
1260.0 4
1270.0 4
1280.0 4
1290.0 4
1300.0 1
1310.0 1
1320.0 4
1330.0 2
1340.0 4
1350.0 1
1360.0 4
1370.0 1
1380.0 4
1390.0 1
1400.0 4
1410.0 4
1420.0 4
1430.0 4
1440.0 1
1450.0 2
1460.0 4
1470.0 2
1480.0 4
1490.0 1
1500.0 4
1510.0 2
1520.0 2
1530.0 4
1540.0 4
1550.0 4
1560.0 4
1570.0 4
1580.0 4
1590.0 1
1600.0 4
1610.0 4
1620.0 4
1630.0 4
1640.0 2
1650.0 4
1660.0 2
1670.0 4
1680.0 4
1690.0 4
1700.0 1
1710.0 4
1720.0 2
1730.0 4
1740.0 4
1750.0 2
1760.0 4
1770.0 2
1780.0 4
1790.0 1
1800.0 4
1810.0 2
1820.0 4
1830.0 2
1840.0 4
1850.0 4
1860.0 2
1870.0 4
1880.0 1
1890.0 4
1900.0 1
1910.0 4
1920.0 1
1930.0 1
1940.0 4
1950.0 2
1960.0 4
1970.0 1
1980.0 4
1990.0 2
2000.0 4
2010.0 1
2020.0 4
2030.0 2
2040.0 4
2050.0 4
2060.0 2
2070.0 3
2080.0 4
2090.0 1
2100.0 4
2110.0 4
2120.0 4
2130.0 1
2140.0 1
2150.0 4
2160.0 1
2170.0 4
2180.0 4
2190.0 4
2200.0 1
2210.0 4
2220.0 4
2230.0 4
2240.0 2
2250.0 4
2260.0 2
2270.0 4
2280.0 1
2290.0 4
2300.0 1
2310.0 4
2320.0 2
2330.0 4
2340.0 1
2350.0 4
2360.0 2
2370.0 4
2380.0 4
2390.0 2
2400.0 4
2410.0 4
2420.0 2
2430.0 4
2440.0 4
2450.0 4
2460.0 1
2470.0 4
2480.0 4
2490.0 4
2500.0 4
2510.0 1
2520.0 2
2530.0 1
2540.0 2
2550.0 4
2560.0 2
2570.0 4
2580.0 3
2590.0 4
2600.0 2
2610.0 4
2620.0 4
2630.0 2
2640.0 4
2650.0 1
2660.0 2
2670.0 4
2680.0 1
2690.0 4
2700.0 1
2710.0 2
2720.0 4
2730.0 3
2740.0 1
2750.0 4
2760.0 2
2770.0 4
2780.0 1
2790.0 1
2800.0 1
2810.0 1
2820.0 1
2830.0 1
2840.0 1
2850.0 4
2860.0 2
2870.0 4
2880.0 2
2890.0 1
2900.0 4
2910.0 1
2920.0 2
2930.0 4
2940.0 1
2950.0 2
2960.0 1
2970.0 4
2980.0 2
2990.0 4
3000.0 1
3010.0 4
3020.0 4
3030.0 3
3040.0 4
3050.0 2
3060.0 1
3070.0 4
3080.0 2
3090.0 1
3100.0 1
3110.0 4
3120.0 2
3130.0 1
3140.0 2
3150.0 4
3160.0 4
3170.0 2
3180.0 1
3190.0 2
3200.0 4
3210.0 2
3220.0 3
3230.0 4
3240.0 1
3250.0 2
3260.0 4
3270.0 1
3280.0 4
3290.0 4
3300.0 4
3310.0 4
3320.0 4
3330.0 1
3340.0 2
3350.0 1
3360.0 4
3370.0 1
3380.0 4
3390.0 4
3400.0 1
3410.0 1
3420.0 2
3430.0 4
3440.0 4
3450.0 4
3460.0 1
3470.0 2
3480.0 4
3490.0 4
3500.0 4
3510.0 3
3520.0 2
3530.0 4
3540.0 2
3550.0 4
3560.0 3
3570.0 1
3580.0 4
3590.0 2
3600.0 1
3610.0 4
3620.0 4
3630.0 3
3640.0 4
3650.0 1
3660.0 4
3670.0 2
3680.0 4
3690.0 1
3700.0 1
3710.0 4
3720.0 4
3730.0 2
3740.0 2
3750.0 1
3760.0 4
3770.0 1
3780.0 1
3790.0 1
3800.0 1
3810.0 1
3820.0 1
3830.0 1
3840.0 1
3850.0 1
3860.0 1
3870.0 1
3880.0 1
3890.0 1
3900.0 1
3910.0 1
3920.0 1
3930.0 1
3940.0 1
3950.0 1
3960.0 1
3970.0 1
3980.0 1
3990.0 1