0.0 2
10.0 2
20.0 2
30.0 2
40.0 2
50.0 2
60.0 1
70.0 2
80.0 2
90.0 2
100.0 2
110.0 2
120.0 2
130.0 1
140.0 3
150.0 2
160.0 3
170.0 2
180.0 1
190.0 3
200.0 3
210.0 3
220.0 2
230.0 4
240.0 2
250.0 2
260.0 1
270.0 2
280.0 2
290.0 2
300.0 2
310.0 2
320.0 2
330.0 2
340.0 2
350.0 2
360.0 2
370.0 2
380.0 1
390.0 1
400.0 2
410.0 2
420.0 2
430.0 1
440.0 2
450.0 1
460.0 3
470.0 3
480.0 2
490.0 2
500.0 2
510.0 2
520.0 2
530.0 2
540.0 2
550.0 2
560.0 2
570.0 2
580.0 2
590.0 1
600.0 1
610.0 2
620.0 1
630.0 2
640.0 2
650.0 2
660.0 2
670.0 3
680.0 2
690.0 3
700.0 3
710.0 1
720.0 1
730.0 1
740.0 2
750.0 3
760.0 3
770.0 3
780.0 1
790.0 3
800.0 1
810.0 3
820.0 1
830.0 2
840.0 2
850.0 2
860.0 2
870.0 2
880.0 2
890.0 1
900.0 1
910.0 1
920.0 2
930.0 2
940.0 2
950.0 2
960.0 2
970.0 2
980.0 1
990.0 2
1000.0 2
1010.0 2
1020.0 2
1030.0 3
1040.0 3
1050.0 2
1060.0 3
1070.0 2
1080.0 1
1090.0 2
1100.0 2
1110.0 1
1120.0 1
1130.0 3
1140.0 2
1150.0 3
1160.0 1
1170.0 3
1180.0 1
1190.0 3
1200.0 3
1210.0 2
1220.0 2
1230.0 1
1240.0 2
1250.0 2
1260.0 3
1270.0 3
1280.0 3
1290.0 2
1300.0 1
1310.0 1
1320.0 1
1330.0 3
1340.0 3
1350.0 3
1360.0 2
1370.0 2
1380.0 2
1390.0 1
1400.0 1
1410.0 1
1420.0 2
1430.0 1
1440.0 2
1450.0 1
1460.0 3
1470.0 3
1480.0 2
1490.0 2
1500.0 2
1510.0 2
1520.0 2
1530.0 2
1540.0 2
1550.0 2
1560.0 2
1570.0 3
1580.0 2
1590.0 3
1600.0 2
1610.0 1
1620.0 2
1630.0 1
1640.0 3
1650.0 3
1660.0 2
1670.0 2
1680.0 2
1690.0 1
1700.0 1
1710.0 1
1720.0 2
1730.0 3
1740.0 2
1750.0 2
1760.0 2
1770.0 2
1780.0 2
1790.0 2
1800.0 2
1810.0 1
1820.0 2
1830.0 1
1840.0 3
1850.0 3
1860.0 3
1870.0 3
1880.0 2
1890.0 3
1900.0 2
1910.0 2
1920.0 3
1930.0 3
1940.0 3
1950.0 4
1960.0 1
1970.0 1
1980.0 1
1990.0 1
2000.0 2
2010.0 3
2020.0 3
2030.0 1
2040.0 1
2050.0 1
2060.0 1
2070.0 2
2080.0 2
2090.0 3
2100.0 3
2110.0 3
2120.0 3
2130.0 3
2140.0 1
2150.0 2
2160.0 2
2170.0 1
2180.0 2
2190.0 2
2200.0 2
2210.0 2
2220.0 2
2230.0 2
2240.0 2
2250.0 1
2260.0 3
2270.0 3
2280.0 1
2290.0 1
2300.0 2
2310.0 1
2320.0 2
2330.0 2
2340.0 1
2350.0 3
2360.0 3
2370.0 1
2380.0 3
2390.0 1
2400.0 1
2410.0 3
2420.0 2
2430.0 3
2440.0 2
2450.0 2
2460.0 2
2470.0 2
2480.0 2
2490.0 3
2500.0 2
2510.0 1
2520.0 3
2530.0 4
2540.0 2
2550.0 3
2560.0 2
2570.0 2
2580.0 1
2590.0 1
2600.0 1
2610.0 1
2620.0 2
2630.0 2
2640.0 2
2650.0 1
2660.0 2
2670.0 2
2680.0 2
2690.0 2
2700.0 1
2710.0 1
2720.0 1
2730.0 3
2740.0 2
2750.0 2
2760.0 1
2770.0 1
2780.0 2
2790.0 1
2800.0 3
2810.0 3
2820.0 1
2830.0 1
2840.0 3
2850.0 1
2860.0 3
2870.0 2
2880.0 3
2890.0 3
2900.0 2
2910.0 3
2920.0 2
2930.0 3
2940.0 3
2950.0 3
2960.0 1
2970.0 3
2980.0 1
2990.0 2
3000.0 2
3010.0 1
3020.0 2
3030.0 1
3040.0 3
3050.0 3
3060.0 3
3070.0 2
3080.0 3
3090.0 3
3100.0 2
3110.0 2
3120.0 1
3130.0 2
3140.0 2
3150.0 3
3160.0 1
3170.0 3
3180.0 1
3190.0 3
3200.0 3
3210.0 3
3220.0 3
3230.0 2
3240.0 2
3250.0 2
3260.0 2
3270.0 1
3280.0 2
3290.0 2
3300.0 2
3310.0 1
3320.0 2
3330.0 2
3340.0 1
3350.0 2
3360.0 1
3370.0 1
3380.0 1
3390.0 1
3400.0 1
3410.0 1
3420.0 2
3430.0 1
3440.0 3
3450.0 3
3460.0 1
3470.0 3
3480.0 3
3490.0 2
3500.0 2
3510.0 2
3520.0 2
3530.0 2
3540.0 2
3550.0 1
3560.0 3
3570.0 3
3580.0 2
3590.0 2
3600.0 2
3610.0 2
3620.0 2
3630.0 2
3640.0 2
3650.0 2
3660.0 1
3670.0 1
3680.0 1
3690.0 2
3700.0 2
3710.0 2
3720.0 2
3730.0 2
3740.0 2
3750.0 1
3760.0 1
3770.0 1
3780.0 1
3790.0 2
3800.0 2
3810.0 2
3820.0 2
3830.0 2
3840.0 2
3850.0 2
3860.0 2
3870.0 2
3880.0 2
3890.0 2
3900.0 2
3910.0 2
3920.0 2
3930.0 2
3940.0 2
3950.0 2
3960.0 2
3970.0 2
3980.0 2
3990.0 2