0.0 2
10.0 3
20.0 3
30.0 3
40.0 2
50.0 2
60.0 2
70.0 2
80.0 2
90.0 2
100.0 2
110.0 3
120.0 2
130.0 2
140.0 2
150.0 3
160.0 1
170.0 1
180.0 1
190.0 1
200.0 2
210.0 3
220.0 2
230.0 3
240.0 2
250.0 3
260.0 3
270.0 2
280.0 3
290.0 2
300.0 1
310.0 1
320.0 2
330.0 1
340.0 3
350.0 3
360.0 2
370.0 2
380.0 2
390.0 2
400.0 2
410.0 4
420.0 2
430.0 1
440.0 2
450.0 1
460.0 2
470.0 2
480.0 1
490.0 1
500.0 1
510.0 2
520.0 1
530.0 1
540.0 2
550.0 1
560.0 2
570.0 2
580.0 2
590.0 2
600.0 1
610.0 1
620.0 2
630.0 1
640.0 2
650.0 3
660.0 2
670.0 3
680.0 1
690.0 1
700.0 2
710.0 2
720.0 3
730.0 2
740.0 3
750.0 2
760.0 2
770.0 3
780.0 3
790.0 3
800.0 3
810.0 1
820.0 3
830.0 2
840.0 1
850.0 1
860.0 2
870.0 2
880.0 2
890.0 2
900.0 2
910.0 2
920.0 2
930.0 1
940.0 2
950.0 1
960.0 2
970.0 3
980.0 3
990.0 3
1000.0 2
1010.0 2
1020.0 2
1030.0 2
1040.0 2
1050.0 2
1060.0 2
1070.0 1
1080.0 2
1090.0 2
1100.0 2
1110.0 1
1120.0 3
1130.0 2
1140.0 3
1150.0 2
1160.0 3
1170.0 1
1180.0 3
1190.0 2
1200.0 1
1210.0 2
1220.0 4
1230.0 3
1240.0 2
1250.0 3
1260.0 1
1270.0 3
1280.0 3
1290.0 3
1300.0 3
1310.0 3
1320.0 3
1330.0 2
1340.0 2
1350.0 2
1360.0 2
1370.0 2
1380.0 2
1390.0 2
1400.0 2
1410.0 2
1420.0 1
1430.0 1
1440.0 2
1450.0 1
1460.0 2
1470.0 3
1480.0 2
1490.0 2
1500.0 2
1510.0 2
1520.0 3
1530.0 2
1540.0 2
1550.0 2
1560.0 1
1570.0 1
1580.0 1
1590.0 2
1600.0 1
1610.0 1
1620.0 3
1630.0 1
1640.0 2
1650.0 2
1660.0 2
1670.0 2
1680.0 1
1690.0 2
1700.0 2
1710.0 3
1720.0 1
1730.0 2
1740.0 1
1750.0 3
1760.0 1
1770.0 2
1780.0 1
1790.0 3
1800.0 2
1810.0 1
1820.0 2
1830.0 1
1840.0 2
1850.0 1
1860.0 1
1870.0 3
1880.0 3
1890.0 3
1900.0 2
1910.0 2
1920.0 2
1930.0 3
1940.0 2
1950.0 3
1960.0 2
1970.0 2
1980.0 2
1990.0 2
2000.0 3
2010.0 3
2020.0 3
2030.0 3
2040.0 2
2050.0 2
2060.0 2
2070.0 3
2080.0 2
2090.0 2
2100.0 2
2110.0 2
2120.0 1
2130.0 1
2140.0 3
2150.0 1
2160.0 2
2170.0 2
2180.0 3
2190.0 3
2200.0 1
2210.0 3
2220.0 1
2230.0 2
2240.0 2
2250.0 1
2260.0 1
2270.0 2
2280.0 4
2290.0 3
2300.0 2
2310.0 1
2320.0 2
2330.0 1
2340.0 2
2350.0 3
2360.0 2
2370.0 1
2380.0 1
2390.0 1
2400.0 1
2410.0 2
2420.0 2
2430.0 2
2440.0 1
2450.0 2
2460.0 3
2470.0 3
2480.0 1
2490.0 2
2500.0 1
2510.0 2
2520.0 3
2530.0 4
2540.0 2
2550.0 2
2560.0 2
2570.0 2
2580.0 2
2590.0 3
2600.0 3
2610.0 3
2620.0 2
2630.0 2
2640.0 2
2650.0 2
2660.0 2
2670.0 2
2680.0 2
2690.0 2
2700.0 2
2710.0 2
2720.0 2
2730.0 1
2740.0 2
2750.0 1
2760.0 1
2770.0 4
2780.0 1
2790.0 2
2800.0 2
2810.0 2
2820.0 2
2830.0 2
2840.0 2
2850.0 2
2860.0 2
2870.0 4
2880.0 2
2890.0 1
2900.0 2
2910.0 3
2920.0 3
2930.0 2
2940.0 1
2950.0 2
2960.0 2
2970.0 1
2980.0 3
2990.0 2
3000.0 2
3010.0 2
3020.0 2
3030.0 3
3040.0 3
3050.0 2
3060.0 2
3070.0 2
3080.0 2
3090.0 2
3100.0 2
3110.0 4
3120.0 2
3130.0 1
3140.0 1
3150.0 2
3160.0 1
3170.0 2
3180.0 2
3190.0 3
3200.0 4
3210.0 3
3220.0 2
3230.0 3
3240.0 3
3250.0 2
3260.0 3
3270.0 3
3280.0 2
3290.0 4
3300.0 2
3310.0 1
3320.0 4
3330.0 3
3340.0 2
3350.0 1
3360.0 2
3370.0 4
3380.0 3
3390.0 4
3400.0 2
3410.0 1
3420.0 3
3430.0 2
3440.0 2
3450.0 1
3460.0 1
3470.0 1
3480.0 2
3490.0 2
3500.0 1
3510.0 2
3520.0 1
3530.0 2
3540.0 3
3550.0 1
3560.0 3
3570.0 1
3580.0 1
3590.0 1
3600.0 1
3610.0 1
3620.0 2
3630.0 2
3640.0 2
3650.0 1
3660.0 1
3670.0 1
3680.0 2
3690.0 2
3700.0 1
3710.0 1
3720.0 1
3730.0 2
3740.0 2
3750.0 2
3760.0 2
3770.0 2
3780.0 2
3790.0 2
3800.0 2
3810.0 2
3820.0 2
3830.0 2
3840.0 2
3850.0 2
3860.0 2
3870.0 2
3880.0 2
3890.0 2
3900.0 2
3910.0 2
3920.0 2
3930.0 2
3940.0 2
3950.0 2
3960.0 2
3970.0 2
3980.0 2
3990.0 2