0.0 4
10.0 4
20.0 2
30.0 2
40.0 2
50.0 4
60.0 2
70.0 2
80.0 1
90.0 2
100.0 1
110.0 4
120.0 4
130.0 2
140.0 2
150.0 2
160.0 4
170.0 1
180.0 2
190.0 2
200.0 2
210.0 1
220.0 2
230.0 1
240.0 2
250.0 4
260.0 2
270.0 2
280.0 2
290.0 1
300.0 2
310.0 4
320.0 2
330.0 1
340.0 2
350.0 1
360.0 2
370.0 2
380.0 2
390.0 1
400.0 2
410.0 4
420.0 2
430.0 2
440.0 2
450.0 2
460.0 4
470.0 2
480.0 1
490.0 2
500.0 2
510.0 1
520.0 2
530.0 2
540.0 2
550.0 2
560.0 4
570.0 2
580.0 2
590.0 2
600.0 2
610.0 4
620.0 2
630.0 4
640.0 1
650.0 2
660.0 2
670.0 2
680.0 2
690.0 1
700.0 2
710.0 2
720.0 2
730.0 2
740.0 4
750.0 2
760.0 2
770.0 4
780.0 2
790.0 2
800.0 2
810.0 1
820.0 4
830.0 2
840.0 2
850.0 2
860.0 2
870.0 2
880.0 4
890.0 4
900.0 2
910.0 2
920.0 2
930.0 1
940.0 2
950.0 2
960.0 2
970.0 2
980.0 4
990.0 2
1000.0 1
1010.0 2
1020.0 2
1030.0 1
1040.0 2
1050.0 2
1060.0 2
1070.0 1
1080.0 2
1090.0 4
1100.0 2
1110.0 2
1120.0 2
1130.0 2
1140.0 2
1150.0 4
1160.0 1
1170.0 2
1180.0 2
1190.0 2
1200.0 4
1210.0 2
1220.0 2
1230.0 2
1240.0 4
1250.0 2
1260.0 1
1270.0 2
1280.0 2
1290.0 2
1300.0 4
1310.0 2
1320.0 4
1330.0 2
1340.0 2
1350.0 2
1360.0 4
1370.0 4
1380.0 2
1390.0 2
1400.0 2
1410.0 2
1420.0 2
1430.0 2
1440.0 2
1450.0 2
1460.0 1
1470.0 4
1480.0 2
1490.0 2
1500.0 1
1510.0 2
1520.0 2
1530.0 2
1540.0 2
1550.0 2
1560.0 4
1570.0 2
1580.0 1
1590.0 2
1600.0 4
1610.0 2
1620.0 4
1630.0 2
1640.0 1
1650.0 2
1660.0 2
1670.0 2
1680.0 2
1690.0 1
1700.0 2
1710.0 1
1720.0 2
1730.0 2
1740.0 2
1750.0 1
1760.0 2
1770.0 2
1780.0 2
1790.0 2
1800.0 2
1810.0 2
1820.0 2
1830.0 1
1840.0 2
1850.0 2
1860.0 2
1870.0 1
1880.0 2
1890.0 2
1900.0 2
1910.0 2
1920.0 2
1930.0 2
1940.0 2
1950.0 1
1960.0 2
1970.0 2
1980.0 2
1990.0 2
2000.0 4
2010.0 2
2020.0 2
2030.0 2
2040.0 2
2050.0 4
2060.0 1
2070.0 1
2080.0 2
2090.0 2
2100.0 2
2110.0 4
2120.0 1
2130.0 2
2140.0 2
2150.0 2
2160.0 2
2170.0 1
2180.0 2
2190.0 2
2200.0 1
2210.0 2
2220.0 2
2230.0 4
2240.0 2
2250.0 2
2260.0 2
2270.0 2
2280.0 4
2290.0 2
2300.0 2
2310.0 2
2320.0 2
2330.0 2
2340.0 2
2350.0 4
2360.0 2
2370.0 2
2380.0 1
2390.0 2
2400.0 4
2410.0 2
2420.0 2
2430.0 2
2440.0 2
2450.0 2
2460.0 4
2470.0 2
2480.0 1
2490.0 2
2500.0 2
2510.0 2
2520.0 2
2530.0 4
2540.0 2
2550.0 2
2560.0 2
2570.0 1
2580.0 4
2590.0 1
2600.0 2
2610.0 1
2620.0 2
2630.0 2
2640.0 2
2650.0 2
2660.0 2
2670.0 4
2680.0 2
2690.0 2
2700.0 4
2710.0 1
2720.0 2
2730.0 2
2740.0 4
2750.0 2
2760.0 2
2770.0 1
2780.0 4
2790.0 2
2800.0 2
2810.0 2
2820.0 2
2830.0 4
2840.0 1
2850.0 2
2860.0 2
2870.0 2
2880.0 1
2890.0 1
2900.0 4
2910.0 2
2920.0 2
2930.0 1
2940.0 4
2950.0 2
2960.0 2
2970.0 2
2980.0 2
2990.0 2
3000.0 2
3010.0 2
3020.0 2
3030.0 2
3040.0 4
3050.0 2
3060.0 2
3070.0 2
3080.0 1
3090.0 1
3100.0 2
3110.0 2
3120.0 2
3130.0 1
3140.0 2
3150.0 2
3160.0 4
3170.0 2
3180.0 2
3190.0 2
3200.0 4
3210.0 4
3220.0 2
3230.0 4
3240.0 4
3250.0 2
3260.0 4
3270.0 2
3280.0 2
3290.0 2
3300.0 2
3310.0 4
3320.0 2
3330.0 4
3340.0 4
3350.0 1
3360.0 2
3370.0 2
3380.0 2
3390.0 4
3400.0 2
3410.0 4
3420.0 2
3430.0 1
3440.0 4
3450.0 2
3460.0 4
3470.0 1
3480.0 2
3490.0 2
3500.0 4
3510.0 4
3520.0 2
3530.0 1
3540.0 4
3550.0 1
3560.0 2
3570.0 4
3580.0 2
3590.0 2
3600.0 4
3610.0 4
3620.0 2
3630.0 2
3640.0 4
3650.0 2
3660.0 4
3670.0 4
3680.0 2
3690.0 4
3700.0 2
3710.0 4
3720.0 4
3730.0 4
3740.0 4
3750.0 2
3760.0 4
3770.0 4
3780.0 4
3790.0 4
3800.0 4
3810.0 4
3820.0 4
3830.0 4
3840.0 4
3850.0 4
3860.0 4
3870.0 4
3880.0 4
3890.0 4
3900.0 4
3910.0 4
3920.0 4
3930.0 4
3940.0 4
3950.0 4
3960.0 4
3970.0 4
3980.0 4
3990.0 4