0.0 4
10.0 1
20.0 4
30.0 4
40.0 2
50.0 4
60.0 4
70.0 4
80.0 1
90.0 1
100.0 4
110.0 1
120.0 1
130.0 1
140.0 4
150.0 4
160.0 1
170.0 1
180.0 1
190.0 1
200.0 1
210.0 1
220.0 4
230.0 2
240.0 4
250.0 4
260.0 4
270.0 1
280.0 4
290.0 2
300.0 4
310.0 4
320.0 4
330.0 2
340.0 4
350.0 4
360.0 4
370.0 4
380.0 4
390.0 4
400.0 4
410.0 4
420.0 4
430.0 1
440.0 4
450.0 4
460.0 4
470.0 1
480.0 4
490.0 1
500.0 4
510.0 2
520.0 1
530.0 4
540.0 4
550.0 1
560.0 1
570.0 1
580.0 2
590.0 4
600.0 4
610.0 1
620.0 1
630.0 1
640.0 2
650.0 1
660.0 1
670.0 2
680.0 1
690.0 1
700.0 4
710.0 1
720.0 1
730.0 2
740.0 1
750.0 2
760.0 1
770.0 1
780.0 3
790.0 2
800.0 1
810.0 1
820.0 4
830.0 2
840.0 4
850.0 1
860.0 2
870.0 1
880.0 1
890.0 1
900.0 1
910.0 1
920.0 1
930.0 1
940.0 1
950.0 4
960.0 4
970.0 1
980.0 1
990.0 1
1000.0 4
1010.0 1
1020.0 4
1030.0 4
1040.0 1
1050.0 2
1060.0 1
1070.0 2
1080.0 1
1090.0 1
1100.0 1
1110.0 1
1120.0 1
1130.0 1
1140.0 4
1150.0 1
1160.0 1
1170.0 2
1180.0 4
1190.0 2
1200.0 1
1210.0 2
1220.0 3
1230.0 1
1240.0 4
1250.0 2
1260.0 4
1270.0 4
1280.0 1
1290.0 4
1300.0 2
1310.0 1
1320.0 1
1330.0 2
1340.0 2
1350.0 4
1360.0 4
1370.0 4
1380.0 4
1390.0 4
1400.0 1
1410.0 1
1420.0 1
1430.0 1
1440.0 2
1450.0 4
1460.0 4
1470.0 2
1480.0 1
1490.0 2
1500.0 4
1510.0 1
1520.0 4
1530.0 2
1540.0 4
1550.0 4
1560.0 2
1570.0 1
1580.0 1
1590.0 4
1600.0 4
1610.0 4
1620.0 4
1630.0 1
1640.0 4
1650.0 1
1660.0 4
1670.0 4
1680.0 4
1690.0 2
1700.0 1
1710.0 4
1720.0 2
1730.0 2
1740.0 1
1750.0 1
1760.0 1
1770.0 4
1780.0 1
1790.0 2
1800.0 4
1810.0 1
1820.0 2
1830.0 2
1840.0 1
1850.0 3
1860.0 3
1870.0 2
1880.0 4
1890.0 2
1900.0 2
1910.0 4
1920.0 2
1930.0 4
1940.0 4
1950.0 1
1960.0 2
1970.0 4
1980.0 4
1990.0 2
2000.0 1
2010.0 1
2020.0 4
2030.0 2
2040.0 2
2050.0 1
2060.0 1
2070.0 1
2080.0 3
2090.0 2
2100.0 3
2110.0 1
2120.0 1
2130.0 2
2140.0 1
2150.0 1
2160.0 4
2170.0 1
2180.0 2
2190.0 1
2200.0 2
2210.0 4
2220.0 4
2230.0 4
2240.0 2
2250.0 2
2260.0 4
2270.0 2
2280.0 2
2290.0 2
2300.0 4
2310.0 2
2320.0 4
2330.0 4
2340.0 4
2350.0 4
2360.0 4
2370.0 4
2380.0 2
2390.0 4
2400.0 2
2410.0 4
2420.0 4
2430.0 2
2440.0 4
2450.0 1
2460.0 2
2470.0 4
2480.0 4
2490.0 4
2500.0 1
2510.0 1
2520.0 1
2530.0 4
2540.0 4
2550.0 3
2560.0 2
2570.0 2
2580.0 1
2590.0 1
2600.0 1
2610.0 2
2620.0 2
2630.0 1
2640.0 1
2650.0 2
2660.0 2
2670.0 4
2680.0 4
2690.0 2
2700.0 2
2710.0 1
2720.0 4
2730.0 2
2740.0 1
2750.0 4
2760.0 1
2770.0 4
2780.0 4
2790.0 4
2800.0 2
2810.0 4
2820.0 1
2830.0 4
2840.0 4
2850.0 2
2860.0 1
2870.0 2
2880.0 4
2890.0 4
2900.0 4
2910.0 1
2920.0 2
2930.0 1
2940.0 4
2950.0 2
2960.0 1
2970.0 1
2980.0 1
2990.0 4
3000.0 4
3010.0 2
3020.0 1
3030.0 3
3040.0 1
3050.0 2
3060.0 4
3070.0 2
3080.0 2
3090.0 1
3100.0 2
3110.0 1
3120.0 4
3130.0 1
3140.0 2
3150.0 1
3160.0 2
3170.0 4
3180.0 2
3190.0 1
3200.0 1
3210.0 1
3220.0 1
3230.0 2
3240.0 4
3250.0 1
3260.0 1
3270.0 1
3280.0 1
3290.0 2
3300.0 1
3310.0 4
3320.0 4
3330.0 2
3340.0 1
3350.0 4
3360.0 2
3370.0 4
3380.0 4
3390.0 4
3400.0 4
3410.0 3
3420.0 2
3430.0 3
3440.0 1
3450.0 1
3460.0 4
3470.0 4
3480.0 1
3490.0 2
3500.0 2
3510.0 4
3520.0 4
3530.0 2
3540.0 4
3550.0 1
3560.0 2
3570.0 4
3580.0 1
3590.0 4
3600.0 2
3610.0 4
3620.0 2
3630.0 4
3640.0 2
3650.0 4
3660.0 4
3670.0 2
3680.0 4
3690.0 4
3700.0 4
3710.0 4
3720.0 4
3730.0 4
3740.0 4
3750.0 4
3760.0 4
3770.0 4
3780.0 2
3790.0 4
3800.0 4
3810.0 4
3820.0 4
3830.0 4
3840.0 4
3850.0 4
3860.0 4
3870.0 4
3880.0 4
3890.0 4
3900.0 4
3910.0 4
3920.0 4
3930.0 4
3940.0 4
3950.0 4
3960.0 4
3970.0 4
3980.0 4
3990.0 4