0.0 1
10.0 4
20.0 2
30.0 4
40.0 4
50.0 3
60.0 4
70.0 2
80.0 4
90.0 2
100.0 4
110.0 3
120.0 3
130.0 4
140.0 4
150.0 2
160.0 2
170.0 4
180.0 4
190.0 2
200.0 4
210.0 4
220.0 2
230.0 4
240.0 2
250.0 4
260.0 3
270.0 2
280.0 4
290.0 2
300.0 3
310.0 4
320.0 4
330.0 2
340.0 4
350.0 4
360.0 4
370.0 4
380.0 2
390.0 3
400.0 4
410.0 3
420.0 3
430.0 4
440.0 3
450.0 2
460.0 4
470.0 3
480.0 2
490.0 4
500.0 4
510.0 3
520.0 2
530.0 4
540.0 2
550.0 2
560.0 4
570.0 1
580.0 4
590.0 2
600.0 2
610.0 4
620.0 2
630.0 4
640.0 2
650.0 4
660.0 2
670.0 4
680.0 2
690.0 4
700.0 3
710.0 2
720.0 2
730.0 4
740.0 2
750.0 2
760.0 4
770.0 2
780.0 4
790.0 2
800.0 4
810.0 4
820.0 4
830.0 2
840.0 3
850.0 4
860.0 2
870.0 4
880.0 4
890.0 2
900.0 4
910.0 3
920.0 2
930.0 2
940.0 4
950.0 4
960.0 3
970.0 4
980.0 2
990.0 3
1000.0 3
1010.0 2
1020.0 4
1030.0 4
1040.0 4
1050.0 4
1060.0 4
1070.0 2
1080.0 2
1090.0 2
1100.0 3
1110.0 3
1120.0 4
1130.0 2
1140.0 3
1150.0 4
1160.0 4
1170.0 2
1180.0 2
1190.0 4
1200.0 3
1210.0 2
1220.0 4
1230.0 4
1240.0 4
1250.0 2
1260.0 4
1270.0 4
1280.0 4
1290.0 4
1300.0 2
1310.0 4
1320.0 2
1330.0 4
1340.0 2
1350.0 4
1360.0 4
1370.0 4
1380.0 2
1390.0 4
1400.0 2
1410.0 3
1420.0 4
1430.0 4
1440.0 2
1450.0 4
1460.0 2
1470.0 3
1480.0 4
1490.0 4
1500.0 3
1510.0 3
1520.0 4
1530.0 2
1540.0 4
1550.0 4
1560.0 2
1570.0 4
1580.0 2
1590.0 4
1600.0 4
1610.0 2
1620.0 3
1630.0 3
1640.0 3
1650.0 1
1660.0 4
1670.0 2
1680.0 1
1690.0 4
1700.0 4
1710.0 2
1720.0 2
1730.0 4
1740.0 3
1750.0 2
1760.0 4
1770.0 2
1780.0 2
1790.0 3
1800.0 2
1810.0 4
1820.0 2
1830.0 2
1840.0 4
1850.0 4
1860.0 2
1870.0 2
1880.0 4
1890.0 2
1900.0 2
1910.0 4
1920.0 2
1930.0 3
1940.0 3
1950.0 4
1960.0 4
1970.0 2
1980.0 4
1990.0 4
2000.0 4
2010.0 4
2020.0 2
2030.0 4
2040.0 2
2050.0 4
2060.0 3
2070.0 2
2080.0 4
2090.0 2
2100.0 2
2110.0 4
2120.0 3
2130.0 4
2140.0 3
2150.0 2
2160.0 4
2170.0 4
2180.0 4
2190.0 2
2200.0 4
2210.0 2
2220.0 4
2230.0 2
2240.0 4
2250.0 4
2260.0 4
2270.0 4
2280.0 4
2290.0 4
2300.0 2
2310.0 4
2320.0 2
2330.0 4
2340.0 4
2350.0 2
2360.0 4
2370.0 2
2380.0 4
2390.0 2
2400.0 3
2410.0 4
2420.0 3
2430.0 4
2440.0 4
2450.0 2
2460.0 3
2470.0 4
2480.0 2
2490.0 2
2500.0 4
2510.0 4
2520.0 2
2530.0 4
2540.0 2
2550.0 3
2560.0 4
2570.0 2
2580.0 3
2590.0 3
2600.0 2
2610.0 4
2620.0 4
2630.0 2
2640.0 4
2650.0 2
2660.0 4
2670.0 4
2680.0 4
2690.0 2
2700.0 4
2710.0 2
2720.0 3
2730.0 3
2740.0 2
2750.0 4
2760.0 2
2770.0 3
2780.0 2
2790.0 4
2800.0 2
2810.0 4
2820.0 3
2830.0 4
2840.0 4
2850.0 2
2860.0 2
2870.0 3
2880.0 2
2890.0 4
2900.0 2
2910.0 2
2920.0 4
2930.0 3
2940.0 4
2950.0 2
2960.0 4
2970.0 4
2980.0 2
2990.0 2
3000.0 4
3010.0 2
3020.0 4
3030.0 2
3040.0 4
3050.0 2
3060.0 4
3070.0 2
3080.0 4
3090.0 3
3100.0 3
3110.0 3
3120.0 2
3130.0 3
3140.0 2
3150.0 4
3160.0 4
3170.0 3
3180.0 2
3190.0 4
3200.0 4
3210.0 2
3220.0 4
3230.0 2
3240.0 4
3250.0 4
3260.0 4
3270.0 2
3280.0 2
3290.0 2
3300.0 4
3310.0 4
3320.0 2
3330.0 4
3340.0 3
3350.0 3
3360.0 3
3370.0 2
3380.0 3
3390.0 4
3400.0 4
3410.0 4
3420.0 2
3430.0 4
3440.0 4
3450.0 3
3460.0 2
3470.0 4
3480.0 4
3490.0 2
3500.0 2
3510.0 3
3520.0 4
3530.0 2
3540.0 3
3550.0 3
3560.0 3
3570.0 2
3580.0 2
3590.0 3
3600.0 1
3610.0 2
3620.0 1
3630.0 4
3640.0 2
3650.0 4
3660.0 2
3670.0 4
3680.0 2
3690.0 1
3700.0 1
3710.0 2
3720.0 1
3730.0 2
3740.0 1
3750.0 1
3760.0 1
3770.0 1
3780.0 1
3790.0 3
3800.0 1
3810.0 1
3820.0 1
3830.0 1
3840.0 1
3850.0 1
3860.0 1
3870.0 1
3880.0 1
3890.0 1
3900.0 1
3910.0 1
3920.0 1
3930.0 1
3940.0 1
3950.0 1
3960.0 1
3970.0 1
3980.0 1
3990.0 1