0.0 1
10.0 2
20.0 2
30.0 2
40.0 2
50.0 2
60.0 2
70.0 1
80.0 3
90.0 2
100.0 2
110.0 2
120.0 3
130.0 2
140.0 3
150.0 2
160.0 2
170.0 3
180.0 1
190.0 1
200.0 3
210.0 2
220.0 3
230.0 2
240.0 2
250.0 3
260.0 3
270.0 3
280.0 3
290.0 2
300.0 1
310.0 3
320.0 2
330.0 2
340.0 3
350.0 2
360.0 2
370.0 2
380.0 2
390.0 2
400.0 3
410.0 2
420.0 2
430.0 1
440.0 2
450.0 3
460.0 2
470.0 2
480.0 2
490.0 2
500.0 2
510.0 3
520.0 2
530.0 3
540.0 2
550.0 2
560.0 3
570.0 2
580.0 3
590.0 2
600.0 1
610.0 1
620.0 2
630.0 1
640.0 3
650.0 2
660.0 3
670.0 2
680.0 1
690.0 1
700.0 2
710.0 3
720.0 2
730.0 3
740.0 2
750.0 3
760.0 2
770.0 3
780.0 2
790.0 3
800.0 2
810.0 3
820.0 3
830.0 2
840.0 3
850.0 1
860.0 2
870.0 3
880.0 2
890.0 3
900.0 3
910.0 3
920.0 3
930.0 2
940.0 3
950.0 2
960.0 3
970.0 1
980.0 3
990.0 2
1000.0 1
1010.0 2
1020.0 3
1030.0 3
1040.0 2
1050.0 3
1060.0 2
1070.0 1
1080.0 2
1090.0 1
1100.0 1
1110.0 2
1120.0 1
1130.0 3
1140.0 2
1150.0 3
1160.0 3
1170.0 2
1180.0 3
1190.0 2
1200.0 1
1210.0 3
1220.0 2
1230.0 3
1240.0 2
1250.0 3
1260.0 3
1270.0 2
1280.0 2
1290.0 2
1300.0 3
1310.0 2
1320.0 3
1330.0 1
1340.0 3
1350.0 1
1360.0 2
1370.0 3
1380.0 2
1390.0 1
1400.0 2
1410.0 2
1420.0 2
1430.0 1
1440.0 2
1450.0 2
1460.0 2
1470.0 1
1480.0 3
1490.0 2
1500.0 1
1510.0 2
1520.0 2
1530.0 1
1540.0 2
1550.0 3
1560.0 2
1570.0 3
1580.0 2
1590.0 1
1600.0 2
1610.0 1
1620.0 2
1630.0 1
1640.0 2
1650.0 3
1660.0 1
1670.0 2
1680.0 3
1690.0 2
1700.0 3
1710.0 2
1720.0 1
1730.0 2
1740.0 3
1750.0 3
1760.0 1
1770.0 1
1780.0 1
1790.0 1
1800.0 1
1810.0 2
1820.0 1
1830.0 2
1840.0 1
1850.0 2
1860.0 2
1870.0 3
1880.0 2
1890.0 2
1900.0 3
1910.0 1
1920.0 2
1930.0 1
1940.0 2
1950.0 3
1960.0 2
1970.0 1
1980.0 2
1990.0 3
2000.0 2
2010.0 3
2020.0 3
2030.0 1
2040.0 2
2050.0 2
2060.0 3
2070.0 2
2080.0 3
2090.0 1
2100.0 2
2110.0 3
2120.0 2
2130.0 2
2140.0 1
2150.0 1
2160.0 2
2170.0 3
2180.0 2
2190.0 2
2200.0 2
2210.0 3
2220.0 2
2230.0 1
2240.0 3
2250.0 2
2260.0 2
2270.0 2
2280.0 1
2290.0 1
2300.0 2
2310.0 3
2320.0 2
2330.0 1
2340.0 2
2350.0 3
2360.0 2
2370.0 1
2380.0 2
2390.0 1
2400.0 2
2410.0 3
2420.0 2
2430.0 3
2440.0 1
2450.0 2
2460.0 2
2470.0 2
2480.0 1
2490.0 2
2500.0 3
2510.0 1
2520.0 2
2530.0 3
2540.0 1
2550.0 2
2560.0 2
2570.0 3
2580.0 2
2590.0 3
2600.0 2
2610.0 1
2620.0 3
2630.0 2
2640.0 3
2650.0 1
2660.0 3
2670.0 2
2680.0 3
2690.0 3
2700.0 2
2710.0 2
2720.0 3
2730.0 3
2740.0 2
2750.0 1
2760.0 3
2770.0 2
2780.0 2
2790.0 2
2800.0 1
2810.0 1
2820.0 2
2830.0 1
2840.0 2
2850.0 1
2860.0 3
2870.0 2
2880.0 2
2890.0 2
2900.0 3
2910.0 1
2920.0 2
2930.0 1
2940.0 2
2950.0 3
2960.0 2
2970.0 2
2980.0 3
2990.0 2
3000.0 2
3010.0 1
3020.0 2
3030.0 1
3040.0 2
3050.0 3
3060.0 1
3070.0 2
3080.0 3
3090.0 1
3100.0 2
3110.0 3
3120.0 2
3130.0 3
3140.0 2
3150.0 3
3160.0 2
3170.0 2
3180.0 3
3190.0 2
3200.0 1
3210.0 2
3220.0 2
3230.0 3
3240.0 1
3250.0 2
3260.0 3
3270.0 2
3280.0 1
3290.0 2
3300.0 1
3310.0 1
3320.0 1
3330.0 2
3340.0 2
3350.0 3
3360.0 3
3370.0 2
3380.0 1
3390.0 2
3400.0 3
3410.0 1
3420.0 2
3430.0 2
3440.0 1
3450.0 2
3460.0 2
3470.0 3
3480.0 2
3490.0 3
3500.0 3
3510.0 2
3520.0 2
3530.0 3
3540.0 2
3550.0 2
3560.0 2
3570.0 1
3580.0 3
3590.0 2
3600.0 2
3610.0 1
3620.0 3
3630.0 2
3640.0 3
3650.0 3
3660.0 3
3670.0 3
3680.0 4
3690.0 4
3700.0 4
3710.0 4
3720.0 1
3730.0 1
3740.0 1
3750.0 1
3760.0 1
3770.0 1
3780.0 1
3790.0 1
3800.0 1
3810.0 1
3820.0 1
3830.0 1
3840.0 1
3850.0 1
3860.0 1
3870.0 1
3880.0 1
3890.0 1
3900.0 1
3910.0 1
3920.0 1
3930.0 1
3940.0 1
3950.0 1
3960.0 1
3970.0 1
3980.0 1
3990.0 1