0.0 4
10.0 4
20.0 4
30.0 4
40.0 4
50.0 4
60.0 4
70.0 1
80.0 1
90.0 1
100.0 4
110.0 4
120.0 4
130.0 4
140.0 4
150.0 3
160.0 4
170.0 2
180.0 1
190.0 4
200.0 4
210.0 4
220.0 4
230.0 2
240.0 4
250.0 4
260.0 2
270.0 4
280.0 4
290.0 2
300.0 4
310.0 4
320.0 1
330.0 1
340.0 4
350.0 4
360.0 4
370.0 4
380.0 4
390.0 4
400.0 4
410.0 4
420.0 2
430.0 4
440.0 2
450.0 4
460.0 4
470.0 3
480.0 2
490.0 3
500.0 4
510.0 2
520.0 1
530.0 1
540.0 2
550.0 1
560.0 4
570.0 4
580.0 4
590.0 4
600.0 3
610.0 4
620.0 2
630.0 4
640.0 4
650.0 2
660.0 4
670.0 1
680.0 4
690.0 2
700.0 1
710.0 2
720.0 2
730.0 4
740.0 4
750.0 1
760.0 4
770.0 4
780.0 4
790.0 2
800.0 1
810.0 3
820.0 4
830.0 4
840.0 4
850.0 4
860.0 4
870.0 2
880.0 3
890.0 4
900.0 4
910.0 3
920.0 4
930.0 2
940.0 4
950.0 1
960.0 3
970.0 4
980.0 2
990.0 4
1000.0 4
1010.0 2
1020.0 4
1030.0 4
1040.0 4
1050.0 2
1060.0 1
1070.0 1
1080.0 4
1090.0 2
1100.0 1
1110.0 4
1120.0 4
1130.0 4
1140.0 3
1150.0 4
1160.0 4
1170.0 2
1180.0 4
1190.0 2
1200.0 2
1210.0 4
1220.0 4
1230.0 2
1240.0 4
1250.0 4
1260.0 4
1270.0 2
1280.0 4
1290.0 2
1300.0 4
1310.0 2
1320.0 4
1330.0 1
1340.0 1
1350.0 1
1360.0 4
1370.0 3
1380.0 3
1390.0 4
1400.0 1
1410.0 4
1420.0 1
1430.0 4
1440.0 4
1450.0 2
1460.0 2
1470.0 1
1480.0 4
1490.0 4
1500.0 2
1510.0 4
1520.0 4
1530.0 3
1540.0 4
1550.0 4
1560.0 4
1570.0 2
1580.0 4
1590.0 3
1600.0 4
1610.0 4
1620.0 4
1630.0 4
1640.0 1
1650.0 1
1660.0 4
1670.0 2
1680.0 4
1690.0 3
1700.0 3
1710.0 3
1720.0 4
1730.0 4
1740.0 4
1750.0 2
1760.0 4
1770.0 4
1780.0 4
1790.0 4
1800.0 2
1810.0 4
1820.0 2
1830.0 1
1840.0 4
1850.0 2
1860.0 4
1870.0 2
1880.0 3
1890.0 3
1900.0 4
1910.0 2
1920.0 1
1930.0 3
1940.0 3
1950.0 4
1960.0 4
1970.0 4
1980.0 4
1990.0 3
2000.0 3
2010.0 3
2020.0 2
2030.0 4
2040.0 4
2050.0 4
2060.0 4
2070.0 2
2080.0 4
2090.0 3
2100.0 1
2110.0 2
2120.0 1
2130.0 4
2140.0 4
2150.0 4
2160.0 2
2170.0 4
2180.0 2
2190.0 2
2200.0 2
2210.0 4
2220.0 1
2230.0 2
2240.0 3
2250.0 2
2260.0 3
2270.0 4
2280.0 2
2290.0 3
2300.0 3
2310.0 2
2320.0 3
2330.0 4
2340.0 4
2350.0 2
2360.0 4
2370.0 1
2380.0 2
2390.0 2
2400.0 4
2410.0 2
2420.0 1
2430.0 4
2440.0 1
2450.0 3
2460.0 4
2470.0 4
2480.0 2
2490.0 2
2500.0 3
2510.0 4
2520.0 3
2530.0 4
2540.0 2
2550.0 2
2560.0 4
2570.0 2
2580.0 4
2590.0 2
2600.0 4
2610.0 2
2620.0 3
2630.0 4
2640.0 2
2650.0 1
2660.0 4
2670.0 1
2680.0 2
2690.0 1
2700.0 1
2710.0 4
2720.0 3
2730.0 4
2740.0 4
2750.0 4
2760.0 4
2770.0 4
2780.0 4
2790.0 2
2800.0 4
2810.0 1
2820.0 2
2830.0 4
2840.0 4
2850.0 2
2860.0 4
2870.0 4
2880.0 2
2890.0 4
2900.0 4
2910.0 4
2920.0 1
2930.0 3
2940.0 4
2950.0 4
2960.0 4
2970.0 4
2980.0 3
2990.0 2
3000.0 2
3010.0 4
3020.0 1
3030.0 2
3040.0 2
3050.0 4
3060.0 2
3070.0 4
3080.0 2
3090.0 4
3100.0 4
3110.0 4
3120.0 4
3130.0 4
3140.0 2
3150.0 4
3160.0 2
3170.0 4
3180.0 2
3190.0 4
3200.0 2
3210.0 4
3220.0 4
3230.0 4
3240.0 4
3250.0 2
3260.0 4
3270.0 4
3280.0 3
3290.0 3
3300.0 4
3310.0 2
3320.0 4
3330.0 1
3340.0 2
3350.0 4
3360.0 4
3370.0 4
3380.0 4
3390.0 4
3400.0 2
3410.0 2
3420.0 4
3430.0 3
3440.0 3
3450.0 3
3460.0 4
3470.0 2
3480.0 4
3490.0 2
3500.0 4
3510.0 4
3520.0 1
3530.0 4
3540.0 2
3550.0 2
3560.0 1
3570.0 3
3580.0 4
3590.0 4
3600.0 2
3610.0 4
3620.0 3
3630.0 2
3640.0 4
3650.0 4
3660.0 3
3670.0 4
3680.0 4
3690.0 3
3700.0 1
3710.0 4
3720.0 1
3730.0 4
3740.0 4
3750.0 4
3760.0 4
3770.0 4
3780.0 4
3790.0 2
3800.0 2
3810.0 2
3820.0 2
3830.0 2
3840.0 2
3850.0 2
3860.0 2
3870.0 2
3880.0 2
3890.0 2
3900.0 2
3910.0 2
3920.0 2
3930.0 2
3940.0 2
3950.0 2
3960.0 2
3970.0 2
3980.0 2
3990.0 2