0.0 1
10.0 3
20.0 3
30.0 3
40.0 4
50.0 3
60.0 1
70.0 2
80.0 1
90.0 3
100.0 3
110.0 1
120.0 3
130.0 1
140.0 3
150.0 1
160.0 3
170.0 1
180.0 2
190.0 2
200.0 1
210.0 1
220.0 2
230.0 1
240.0 3
250.0 1
260.0 2
270.0 3
280.0 1
290.0 2
300.0 2
310.0 1
320.0 3
330.0 2
340.0 1
350.0 2
360.0 4
370.0 2
380.0 1
390.0 3
400.0 1
410.0 2
420.0 3
430.0 1
440.0 3
450.0 2
460.0 1
470.0 1
480.0 2
490.0 1
500.0 2
510.0 1
520.0 3
530.0 1
540.0 2
550.0 1
560.0 3
570.0 2
580.0 1
590.0 2
600.0 4
610.0 1
620.0 2
630.0 4
640.0 1
650.0 2
660.0 2
670.0 2
680.0 1
690.0 2
700.0 2
710.0 1
720.0 2
730.0 3
740.0 1
750.0 2
760.0 3
770.0 1
780.0 2
790.0 3
800.0 1
810.0 3
820.0 1
830.0 2
840.0 3
850.0 1
860.0 3
870.0 1
880.0 2
890.0 4
900.0 1
910.0 2
920.0 3
930.0 1
940.0 2
950.0 1
960.0 3
970.0 1
980.0 4
990.0 2
1000.0 1
1010.0 3
1020.0 1
1030.0 3
1040.0 2
1050.0 1
1060.0 4
1070.0 2
1080.0 1
1090.0 2
1100.0 3
1110.0 2
1120.0 1
1130.0 2
1140.0 1
1150.0 3
1160.0 2
1170.0 1
1180.0 1
1190.0 3
1200.0 1
1210.0 4
1220.0 1
1230.0 3
1240.0 1
1250.0 2
1260.0 1
1270.0 4
1280.0 1
1290.0 3
1300.0 1
1310.0 2
1320.0 1
1330.0 4
1340.0 1
1350.0 2
1360.0 1
1370.0 2
1380.0 3
1390.0 1
1400.0 2
1410.0 4
1420.0 1
1430.0 3
1440.0 2
1450.0 1
1460.0 2
1470.0 1
1480.0 1
1490.0 1
1500.0 2
1510.0 1
1520.0 3
1530.0 1
1540.0 2
1550.0 1
1560.0 1
1570.0 1
1580.0 1
1590.0 2
1600.0 1
1610.0 2
1620.0 1
1630.0 2
1640.0 1
1650.0 2
1660.0 1
1670.0 3
1680.0 1
1690.0 2
1700.0 3
1710.0 1
1720.0 1
1730.0 1
1740.0 1
1750.0 2
1760.0 1
1770.0 2
1780.0 1
1790.0 1
1800.0 2
1810.0 1
1820.0 2
1830.0 1
1840.0 3
1850.0 1
1860.0 2
1870.0 1
1880.0 3
1890.0 1
1900.0 2
1910.0 1
1920.0 3
1930.0 4
1940.0 1
1950.0 2
1960.0 1
1970.0 1
1980.0 1
1990.0 2
2000.0 1
2010.0 2
2020.0 1
2030.0 2
2040.0 1
2050.0 2
2060.0 1
2070.0 2
2080.0 1
2090.0 2
2100.0 1
2110.0 2
2120.0 1
2130.0 2
2140.0 1
2150.0 3
2160.0 1
2170.0 2
2180.0 1
2190.0 1
2200.0 1
2210.0 1
2220.0 3
2230.0 1
2240.0 2
2250.0 4
2260.0 1
2270.0 3
2280.0 1
2290.0 1
2300.0 1
2310.0 2
2320.0 1
2330.0 1
2340.0 1
2350.0 1
2360.0 2
2370.0 1
2380.0 1
2390.0 2
2400.0 3
2410.0 1
2420.0 2
2430.0 1
2440.0 3
2450.0 4
2460.0 1
2470.0 2
2480.0 1
2490.0 3
2500.0 1
2510.0 4
2520.0 2
2530.0 1
2540.0 2
2550.0 1
2560.0 2
2570.0 1
2580.0 1
2590.0 1
2600.0 3
2610.0 1
2620.0 2
2630.0 4
2640.0 1
2650.0 2
2660.0 1
2670.0 2
2680.0 1
2690.0 2
2700.0 4
2710.0 2
2720.0 1
2730.0 3
2740.0 2
2750.0 1
2760.0 1
2770.0 2
2780.0 1
2790.0 3
2800.0 1
2810.0 3
2820.0 1
2830.0 2
2840.0 1
2850.0 2
2860.0 4
2870.0 1
2880.0 2
2890.0 1
2900.0 3
2910.0 1
2920.0 2
2930.0 1
2940.0 2
2950.0 1
2960.0 2
2970.0 1
2980.0 2
2990.0 1
3000.0 1
3010.0 2
3020.0 3
3030.0 1
3040.0 2
3050.0 1
3060.0 4
3070.0 2
3080.0 1
3090.0 2
3100.0 2
3110.0 1
3120.0 2
3130.0 1
3140.0 2
3150.0 1
3160.0 3
3170.0 2
3180.0 1
3190.0 2
3200.0 2
3210.0 1
3220.0 2
3230.0 1
3240.0 2
3250.0 1
3260.0 2
3270.0 2
3280.0 3
3290.0 1
3300.0 2
3310.0 1
3320.0 3
3330.0 1
3340.0 2
3350.0 1
3360.0 4
3370.0 1
3380.0 2
3390.0 3
3400.0 2
3410.0 1
3420.0 2
3430.0 1
3440.0 2
3450.0 1
3460.0 3
3470.0 1
3480.0 1
3490.0 2
3500.0 1
3510.0 4
3520.0 2
3530.0 1
3540.0 2
3550.0 3
3560.0 1
3570.0 2
3580.0 1
3590.0 4
3600.0 1
3610.0 2
3620.0 2
3630.0 1
3640.0 3
3650.0 1
3660.0 1
3670.0 2
3680.0 1
3690.0 1
3700.0 2
3710.0 1
3720.0 3
3730.0 4
3740.0 2
3750.0 1
3760.0 1
3770.0 2
3780.0 1
3790.0 4
3800.0 1
3810.0 2
3820.0 1
3830.0 2
3840.0 4
3850.0 1
3860.0 2
3870.0 2
3880.0 2
3890.0 1
3900.0 2
3910.0 1
3920.0 4
3930.0 1
3940.0 2
3950.0 2
3960.0 2
3970.0 1
3980.0 2
3990.0 4