0.0 4
10.0 4
20.0 4
30.0 4
40.0 2
50.0 2
60.0 2
70.0 1
80.0 1
90.0 3
100.0 1
110.0 1
120.0 2
130.0 1
140.0 1
150.0 3
160.0 1
170.0 2
180.0 1
190.0 2
200.0 1
210.0 3
220.0 1
230.0 2
240.0 1
250.0 1
260.0 1
270.0 2
280.0 3
290.0 4
300.0 1
310.0 1
320.0 1
330.0 3
340.0 1
350.0 2
360.0 1
370.0 1
380.0 1
390.0 2
400.0 1
410.0 1
420.0 2
430.0 1
440.0 1
450.0 3
460.0 1
470.0 3
480.0 1
490.0 1
500.0 2
510.0 1
520.0 1
530.0 4
540.0 1
550.0 2
560.0 1
570.0 1
580.0 2
590.0 1
600.0 1
610.0 2
620.0 1
630.0 1
640.0 2
650.0 1
660.0 1
670.0 2
680.0 1
690.0 3
700.0 1
710.0 2
720.0 1
730.0 2
740.0 1
750.0 1
760.0 1
770.0 2
780.0 1
790.0 1
800.0 3
810.0 1
820.0 2
830.0 3
840.0 1
850.0 2
860.0 4
870.0 1
880.0 1
890.0 2
900.0 1
910.0 2
920.0 1
930.0 4
940.0 1
950.0 2
960.0 1
970.0 3
980.0 1
990.0 2
1000.0 1
1010.0 1
1020.0 2
1030.0 1
1040.0 2
1050.0 1
1060.0 2
1070.0 1
1080.0 3
1090.0 1
1100.0 1
1110.0 2
1120.0 1
1130.0 3
1140.0 1
1150.0 4
1160.0 1
1170.0 2
1180.0 1
1190.0 1
1200.0 3
1210.0 1
1220.0 2
1230.0 1
1240.0 1
1250.0 1
1260.0 1
1270.0 3
1280.0 1
1290.0 2
1300.0 1
1310.0 1
1320.0 3
1330.0 1
1340.0 2
1350.0 1
1360.0 2
1370.0 1
1380.0 1
1390.0 1
1400.0 3
1410.0 1
1420.0 2
1430.0 1
1440.0 1
1450.0 1
1460.0 3
1470.0 1
1480.0 4
1490.0 1
1500.0 2
1510.0 1
1520.0 3
1530.0 1
1540.0 1
1550.0 1
1560.0 3
1570.0 1
1580.0 2
1590.0 1
1600.0 1
1610.0 3
1620.0 1
1630.0 2
1640.0 1
1650.0 3
1660.0 1
1670.0 1
1680.0 2
1690.0 1
1700.0 1
1710.0 4
1720.0 1
1730.0 3
1740.0 2
1750.0 1
1760.0 1
1770.0 1
1780.0 2
1790.0 1
1800.0 3
1810.0 1
1820.0 1
1830.0 2
1840.0 1
1850.0 1
1860.0 3
1870.0 1
1880.0 2
1890.0 1
1900.0 1
1910.0 2
1920.0 1
1930.0 1
1940.0 1
1950.0 4
1960.0 1
1970.0 2
1980.0 1
1990.0 1
2000.0 3
2010.0 1
2020.0 2
2030.0 1
2040.0 1
2050.0 1
2060.0 2
2070.0 1
2080.0 1
2090.0 1
2100.0 2
2110.0 1
2120.0 1
2130.0 2
2140.0 1
2150.0 3
2160.0 1
2170.0 1
2180.0 1
2190.0 1
2200.0 1
2210.0 1
2220.0 2
2230.0 1
2240.0 1
2250.0 1
2260.0 3
2270.0 1
2280.0 2
2290.0 1
2300.0 1
2310.0 1
2320.0 2
2330.0 1
2340.0 2
2350.0 1
2360.0 1
2370.0 1
2380.0 2
2390.0 3
2400.0 1
2410.0 4
2420.0 1
2430.0 2
2440.0 1
2450.0 1
2460.0 1
2470.0 2
2480.0 1
2490.0 1
2500.0 1
2510.0 2
2520.0 1
2530.0 3
2540.0 1
2550.0 1
2560.0 1
2570.0 2
2580.0 1
2590.0 1
2600.0 2
2610.0 3
2620.0 1
2630.0 1
2640.0 2
2650.0 1
2660.0 1
2670.0 1
2680.0 3
2690.0 1
2700.0 4
2710.0 2
2720.0 1
2730.0 1
2740.0 2
2750.0 1
2760.0 2
2770.0 1
2780.0 3
2790.0 1
2800.0 2
2810.0 1
2820.0 3
2830.0 1
2840.0 1
2850.0 2
2860.0 1
2870.0 3
2880.0 1
2890.0 4
2900.0 1
2910.0 2
2920.0 1
2930.0 1
2940.0 1
2950.0 1
2960.0 1
2970.0 1
2980.0 2
2990.0 1
3000.0 1
3010.0 1
3020.0 1
3030.0 1
3040.0 2
3050.0 1
3060.0 3
3070.0 1
3080.0 1
3090.0 2
3100.0 1
3110.0 1
3120.0 1
3130.0 2
3140.0 1
3150.0 1
3160.0 1
3170.0 1
3180.0 2
3190.0 1
3200.0 3
3210.0 1
3220.0 1
3230.0 1
3240.0 1
3250.0 1
3260.0 2
3270.0 3
3280.0 1
3290.0 1
3300.0 1
3310.0 4
3320.0 1
3330.0 1
3340.0 1
3350.0 3
3360.0 1
3370.0 1
3380.0 1
3390.0 2
3400.0 1
3410.0 1
3420.0 1
3430.0 3
3440.0 1
3450.0 1
3460.0 1
3470.0 1
3480.0 1
3490.0 1
3500.0 2
3510.0 1
3520.0 1
3530.0 1
3540.0 1
3550.0 3
3560.0 1
3570.0 2
3580.0 1
3590.0 1
3600.0 1
3610.0 3
3620.0 1
3630.0 2
3640.0 1
3650.0 1
3660.0 4
3670.0 1
3680.0 2
3690.0 1
3700.0 1
3710.0 1
3720.0 1
3730.0 2
3740.0 1
3750.0 3
3760.0 1
3770.0 1
3780.0 1
3790.0 1
3800.0 2
3810.0 1
3820.0 1
3830.0 1
3840.0 1
3850.0 1
3860.0 1
3870.0 1
3880.0 1
3890.0 1
3900.0 1
3910.0 2
3920.0 1
3930.0 1
3940.0 4
3950.0 2
3960.0 1
3970.0 2
3980.0 3
3990.0 2