0.0 2
10.0 2
20.0 2
30.0 3
40.0 4
50.0 4
60.0 3
70.0 1
80.0 1
90.0 1
100.0 1
110.0 1
120.0 1
130.0 1
140.0 1
150.0 1
160.0 1
170.0 1
180.0 1
190.0 1
200.0 1
210.0 1
220.0 1
230.0 1
240.0 1
250.0 3
260.0 1
270.0 3
280.0 1
290.0 1
300.0 1
310.0 2
320.0 1
330.0 1
340.0 1
350.0 1
360.0 1
370.0 1
380.0 1
390.0 1
400.0 2
410.0 1
420.0 3
430.0 2
440.0 1
450.0 2
460.0 1
470.0 2
480.0 4
490.0 1
500.0 2
510.0 1
520.0 2
530.0 1
540.0 1
550.0 2
560.0 2
570.0 1
580.0 2
590.0 1
600.0 4
610.0 1
620.0 3
630.0 1
640.0 2
650.0 1
660.0 2
670.0 1
680.0 1
690.0 3
700.0 1
710.0 2
720.0 1
730.0 2
740.0 3
750.0 2
760.0 1
770.0 3
780.0 1
790.0 4
800.0 1
810.0 2
820.0 1
830.0 3
840.0 2
850.0 3
860.0 2
870.0 4
880.0 1
890.0 4
900.0 1
910.0 4
920.0 1
930.0 2
940.0 1
950.0 3
960.0 1
970.0 2
980.0 1
990.0 3
1000.0 4
1010.0 1
1020.0 3
1030.0 2
1040.0 1
1050.0 2
1060.0 3
1070.0 1
1080.0 2
1090.0 1
1100.0 2
1110.0 4
1120.0 1
1130.0 3
1140.0 2
1150.0 1
1160.0 1
1170.0 1
1180.0 2
1190.0 1
1200.0 3
1210.0 1
1220.0 1
1230.0 2
1240.0 1
1250.0 1
1260.0 3
1270.0 1
1280.0 1
1290.0 1
1300.0 4
1310.0 1
1320.0 2
1330.0 1
1340.0 1
1350.0 1
1360.0 1
1370.0 1
1380.0 2
1390.0 1
1400.0 4
1410.0 1
1420.0 1
1430.0 2
1440.0 3
1450.0 1
1460.0 2
1470.0 1
1480.0 2
1490.0 1
1500.0 3
1510.0 1
1520.0 1
1530.0 1
1540.0 1
1550.0 3
1560.0 2
1570.0 1
1580.0 1
1590.0 1
1600.0 2
1610.0 1
1620.0 2
1630.0 1
1640.0 3
1650.0 2
1660.0 1
1670.0 2
1680.0 1
1690.0 1
1700.0 1
1710.0 3
1720.0 1
1730.0 2
1740.0 1
1750.0 1
1760.0 1
1770.0 1
1780.0 1
1790.0 2
1800.0 1
1810.0 1
1820.0 1
1830.0 2
1840.0 1
1850.0 4
1860.0 1
1870.0 3
1880.0 1
1890.0 2
1900.0 1
1910.0 4
1920.0 2
1930.0 1
1940.0 3
1950.0 1
1960.0 2
1970.0 1
1980.0 1
1990.0 1
2000.0 2
2010.0 1
2020.0 3
2030.0 1
2040.0 4
2050.0 1
2060.0 2
2070.0 1
2080.0 4
2090.0 3
2100.0 1
2110.0 2
2120.0 1
2130.0 2
2140.0 1
2150.0 3
2160.0 1
2170.0 3
2180.0 2
2190.0 1
2200.0 3
2210.0 4
2220.0 2
2230.0 1
2240.0 1
2250.0 1
2260.0 1
2270.0 1
2280.0 1
2290.0 2
2300.0 1
2310.0 1
2320.0 2
2330.0 1
2340.0 1
2350.0 2
2360.0 1
2370.0 2
2380.0 1
2390.0 1
2400.0 2
2410.0 1
2420.0 3
2430.0 4
2440.0 1
2450.0 1
2460.0 2
2470.0 1
2480.0 4
2490.0 1
2500.0 2
2510.0 1
2520.0 1
2530.0 1
2540.0 2
2550.0 1
2560.0 3
2570.0 2
2580.0 1
2590.0 2
2600.0 1
2610.0 3
2620.0 2
2630.0 4
2640.0 3
2650.0 1
2660.0 2
2670.0 1
2680.0 3
2690.0 1
2700.0 1
2710.0 1
2720.0 2
2730.0 1
2740.0 4
2750.0 3
2760.0 1
2770.0 3
2780.0 1
2790.0 4
2800.0 1
2810.0 2
2820.0 3
2830.0 1
2840.0 4
2850.0 1
2860.0 2
2870.0 3
2880.0 1
2890.0 3
2900.0 1
2910.0 2
2920.0 1
2930.0 2
2940.0 2
2950.0 1
2960.0 2
2970.0 1
2980.0 4
2990.0 1
3000.0 1
3010.0 1
3020.0 2
3030.0 1
3040.0 1
3050.0 1
3060.0 2
3070.0 1
3080.0 1
3090.0 2
3100.0 1
3110.0 3
3120.0 1
3130.0 2
3140.0 1
3150.0 3
3160.0 1
3170.0 2
3180.0 4
3190.0 1
3200.0 2
3210.0 2
3220.0 2
3230.0 2
3240.0 4
3250.0 1
3260.0 3
3270.0 2
3280.0 3
3290.0 4
3300.0 1
3310.0 3
3320.0 1
3330.0 1
3340.0 1
3350.0 1
3360.0 2
3370.0 1
3380.0 1
3390.0 1
3400.0 2
3410.0 1
3420.0 3
3430.0 1
3440.0 3
3450.0 2
3460.0 1
3470.0 2
3480.0 1
3490.0 3
3500.0 1
3510.0 3
3520.0 2
3530.0 1
3540.0 2
3550.0 1
3560.0 2
3570.0 1
3580.0 2
3590.0 1
3600.0 2
3610.0 1
3620.0 2
3630.0 1
3640.0 2
3650.0 2
3660.0 1
3670.0 4
3680.0 2
3690.0 2
3700.0 3
3710.0 1
3720.0 3
3730.0 2
3740.0 1
3750.0 2
3760.0 1
3770.0 2
3780.0 1
3790.0 3
3800.0 2
3810.0 1
3820.0 2
3830.0 1
3840.0 2
3850.0 2
3860.0 1
3870.0 2
3880.0 1
3890.0 3
3900.0 4
3910.0 2
3920.0 1
3930.0 2
3940.0 2
3950.0 2
3960.0 2
3970.0 2
3980.0 1
3990.0 2